87:[[0,0,0,0,0,30],[0,0,257,1558]]}
{88:[[0,0,0,0,0,30],[0,0,258,1555]]}
{89:[[0,0,0,0,0,30],[0,0,257,1552]]}
{90:[[0,0,0,0,0,30],[0,0,257,1554]]}
{91:[[0,0,0,0,0,30],[0,0,257,1556]]}
{92:[[0,0,0,0,0,30],[0,0,258,1556]]}
{93:[[0,0,0,0,0,30],[0,0,257,1554]]}
{94:[[0,0,0,0,0,30],[0,0,258,1554]]}
{95:[[0,0,0,0,0,30],[0,0,257,1552]]}
{96:[[0,0,0,0,0,30],[0,0,257,1554]]}
{97:[[0,0,0,0,0,30],[0,0,257,1555]]}
{98:[[0,0,0,0,0,30],[0,0,258,1554]]}
{99:[[0,0,0,0,0,30],[0,0,258,1556]]}
{100:[[0,0,0,0,0,3,258,1555]]}
{160:[[0,0,0,0,0,30],[0,0,257,1555]]}
{161:[[0,0,0,0,0,30],[0,0,258,1556]]}
{162:[[0,0,0,0,0,30],[0,0,257,1554]]}
{163:[[0,0,0,0,0,30],[0,0,258,1553]]}
{164:[[0,0,0,0,0,30],[0,0,258,1554]]}
{165:[[0,0,0,0,0,30],[0,0,256,1555]]}
{166:[[0,0,0,0,0,30],[0,0,256,1555]]}
{167:[[0,0,0,0,0,30],[0,0,258,1556]]}
{168:[[0,0,0,0,0,30],[0,0,257,1555]]}
{169:[[0,0,0,0,0,30],[0,0,258,1554]]}
{170:[[0,0,0,0,0,30],[0,0,257,1555]]}
{171:[[0,0,0,0,0,30],[0,0,257,1556]]}
{172:[[0,0,0,0,0,30],[0,0,257,1556]]}
{173:[[0,0,0,0,0,30],[0,0,259,1555]]}
{174:[[0,0,0,0,0,30],[0,0,257,1552]]}
{175:[[0,0,0,0,0,30],[0,0,257,1554]]}
{176:[[0,0,0,0,0,30],[0,0,257,1554]]}
{177:[[0,0,0,0,0,30],[0,0,257,1555]]}
{178:[[0,0,0,0,0,30],[0,0,257,1556]]}
{179:[[0,0,0,0,0,30],[0,0,258,1554]]}
{180:[[0,0,0,0,0,30],[0,0,258,1554]]}
{181:[[0,0,0,0,0,30],[0,0,258,1555]]}
{182:[[0,0,0,0,0,30],[0,0,258,1554]]}
{183:[[0,0,0,0,0,30],[0,0,257,1555]]}
{184:[[0,0,0,0,0,30],[0,0,257,1555]]}
{185:[[0,0,0,0,0,30],[0,0,258,1554]]}
{186:[[0,0,0,0,0,30],[0,0,257,1553]]}
{187:[[0,0,0,0,0,30],[0,0,257,1554]]}
{188:[[0,0,0,0,0,30],[0,0,258,1556]]}
{189:[[0,0,0,0,0,30],[0,0,261,1555]]}
{190:[[0,0,0,0,0,30],[0,0,258,1555]]}
{191:[[0,0,0,0,0,30],[0,0,257,1552]]}
{192:[[0,0,0,0,0,30],[0,0,257,1553]]}
{193:[[0,0,0,0,0,30],[0,0,258,1555]]}
{194:[[0,0,0,0,0,30],[0,0,258,1554]]}
{195:[[0,0,0,0,0,30],[0,0,257,1556]]}
{196:[[0,0,0,0,0,30],[0,0,257,1555]]}
{197:[[0,0,0,0,0,30],[0,0,257,1554]]}
{198:[[0,0,0,0,0,30],[0,0,258,1554]]}
{199:[[0,0,0,0,0,30],[0,0,257,1556]]}
{200:[[0,0,0,0,0,30],[0,0,257,1557]]}
{201:[[0,0,0,0,0,30],[0,0,257,1555]]}
{202:[[0,0,0,0,0,30],[0,0,257,1554]]}
{203:[[0,0,0,0,0,30],[0,0,257,1553]]}
{204:[[0,0,0,0,0,30],[0,0,258,1554]]}
{205:[[0,0,0,0,0,30],[0,0,257,1556]]}
{206:[[0,0,0,0,0,30],[0,0,259,1556]]}
{207:[[0,0,0,0,0,30],[0,0,258,1554]]}
{208:[[0,0,0,0,0,30],[0,0,257,1551]]}
{209:[[0,0,0,0,0,30],[0,0,257,1554]]}
{210:[[0,0,0,0,0,30],[0,0,258,1554]]}
{211:[[0,0,0,0,0,30],[0,0,257,1556]]}
{212:[[0,0,0,0,0,30],[0,0,258,1556]]}
{213:[[0,0,0,0,0,30],[0,0,257,1554]]}
{214:[[0,0,0,0,0,30],[0,0,257,1554]]}
{215:[[0,0,0,0,0,30],[0,0,257,1554]]}
{216:[[0,0,0,0,0,30],[0,0,260,1555]]}
{217:[[0,0,0,0,0,30],[0,0,258,1555]]}
{218:[[0,0,0,0,0,30],[0,0,258,1556]]}
{219:[[0,0,0,0,0,30],[0,0,257,1554]]}
{220:[[0,0,0,0,0,30],[0,0,257,1554]]}
{221:[[0,0,0,0,0,30],[0,0,258,1554]]}
{222:[[0,0,0,0,0,30],[0,0,257,1554]]}
{223:[[0,0,0,0,0,30],[0,0,258,1555]]}
{224:[[0,0,0,0,0,30],[0,0,257,1553]]}
{225:[[0,0,0,0,0,30],[0,0,257,1553]]}
{226:[[0,0,0,0,0,30],[0,0,257,1554]]}
{227:[[0,0,0,0,0,30],[0,0,257,1555]]}
{228:[[0,0,0,0,0,30],[0,0,254,1555]]}
{229:[[0,0,0,0,0,30],[0,0,257,1555]]}
{230:[[0,0,0,0,0,30],[0,0,261,1552]]}
{231:[[0,0,0,0,0,30],[0,0,258,1552]]}
{232:[[0,0,0,0,0,30],[0,0,258,1555]]}
{233:[[0,0,0,0,0,30],[0,0,260,1557]]}
{234:[[0,0,0,0,0,30],[0,0,257,1556]]}
{235:[[0,0,0,0,0,30],[0,0,257,1555]]}
{236:[[0,0,0,0,0,30],[0,0,256,1555]]}
{237:[[0,0,0,0,0,30],[0,0,258,1554]]}
{238:[[0,0,0,0,0,30],[0,0,259,1554]]}
{239:[[0,0,0,0,0,30],[0,0,258,1555]]}
{240:[[0,0,0,0,0,30],[0,0,257,1557]]}
{241:[[0,0,0,0,0,30],[0,0,258,1554]]}
{242:[[0,0,0,0,0,30],[0,0,258,1553]]}
{243:[[0,0,0,0,0,30],[0,0,257,1554]]}
{244:[[0,0,0,0,0,30],[0,0,258,1555]]}
{245:[[0,0,0,0,0,30],[0,0,257,1554]]}
{246:[[0,0,0,0,0,30],[0,0,258,1557]]}
{247:[[0,0,0,0,0,30],[0,0,257,1554]]}
{248:[[0,0,0,0,0,30],[0,0,258,1554]]}
{249:[[0,0,0,0,0,30],[0,0,258,1553]]}
{250:[[0,0,0,0,0,30],[0,0,258,1555]]}
{251:[[0,0,0,0,0,30],[0,0,257,1555]]}
{252:[[0,0,0,0,0,30],[0,0,257,1554]]}
{253:[[0,0,0,0,0,30],[0,0,258,1554]]}
{254:[[0,0,0,0,0,30],[0,0,258,1553]]}
{255:[[0,0,0,0,0,30],[0,0,258,1555]]}
{256:[[0,0,0,0,0,30],[0,0,256,1556]]}
{257:[[0,0,0,0,0,30],[0,0,257,1556]]}
{258:[[0,0,0,0,0,30],[0,0,258,1555]]}
{259:[[0,0,0,0,0,30],[0,0,257,1552]]}
{260:[[0,0,0,0,0,30],[0,0,257,1555]]}
{261:[[0,0,0,0,0,30],[0,0,257,1555]]}
{262:[[0,0,0,0,0,30],[0,0,258,1556]]}
{263:[[0,0,0,0,0,30],[0,0,257,1556]]}
{264:[[0,0,0,0,0,30],[0,0,257,1553]]}
{265:[[0,0,0,0,0,30],[0,0,257,1553]]}
{266:[[0,0,0,0,0,30],[0,0,257,1555]]}
{267:[[0,0,0,0,0,30],[0,0,257,1556]]}
{268:[[0,0,0,0,0,30],[0,0,258,1558]]}
{269:[[0,0,0,0,0,30],[0,0,257,1556]]}
{270:[[0,0,0,0,0,30],[0,0,257,1555]]}
{271:[[0,0,0,0,0,30],[0,0,257,1554]]}
{272:[[0,0,0,0,0,30],[0,0,257,1554]]}
{273:[[0,0,0,0,0,30],[0,0,258,1558]]}
{274:[[0,0,0,0,0,30],[0,0,258,1556]]}
{275:[[0,0,0,0,0,30],[0,0,258,1554]]}
{276:[[0,0,0,0,0,30],[0,0,257,1552]]}
{277:[[0,0,0,0,0,30],[0,0,257,1555]]}
{278:[[0,0,0,0,0,30],[0,0,259,1555]]}
{279:[[0,0,0,0,0,30],[0,0,258,1555]]}
{280:[[0,0,0,0,0,30],[0,0,258,1555]]}
{281:[[0,0,0,0,0,30],[0,0,257,1552]]}
{282:[[0,0,0,0,0,30],[0,0,258,1554]]}
{283:[[0,0,0,0,0,30],[0,0,258,1554]]}
{284:[[0,0,0,0,0,30],[0,0,258,1555]]}
{285:[[0,0,0,0,0,30],[0,0,257,1556]]}
{286:[[0,0,0,0,0,30],[0,0,258,1555]]}
{287:[[0,0,0,0,0,30],[0,0,257,1554]]}
{288:[[0,0,0,0,0,30],[0,0,258,1554]]}
{289:[[0,0,0,0,0,30],[0,0,257,1554]]}
{290:[[0,0,0,0,0,30],[0,0,258,1557]]}
{291:[[0,0,0,0,0,30],[0,0,258,1556]]}
{292:[[0,0,0,0,0,30],[0,0,258,1554]]}
{293:[[0,0,0,0,0,30],[0,0,257,1553]]}
{294:[[0,0,0,0,0,30],[0,0,257,1552]]}
{295:[[0,0,0,0,0,30],[0,0,256,1555]]}
{296:[[0,0,0,0,0,30],[0,0,258,1556]]}
{297:[[0,0,0,0,0,30],[0,0,257,1556]]}
{298:[[0,0,0,0,0,30],[0,0,257,1553]]}
{299:[[0,0,0,0,0,30],[0,0,257,1553]]}
{300:[[0,0,0,0,0,30],[0,0,258,1555]]}
{301:[[0,0,0,0,0,30],[0,0,257,1556]]}
{302:[[0,0,0,0,0,30],[0,0,256,1556]]}
{303:[[0,0,0,0,0,30],[0,0,256,1556]]}
{304:[[0,0,0,0,0,30],[0,0,257,1554]]}
{305:[[0,0,0,0,0,30],[0,0,257,1553]]}
{306:[[0,0,0,0,0,30],[0,0,258,1554]]}
{307:[[0,0,0,0,0,30],[0,0,258,1556]]}
{308:[[0,0,0,0,0,30],[0,0,258,1557]]}
{309:[[0,0,0,0,0,30],[0,0,257,1554]]}
{310:[[0,0,120,0,0,30],[0,0,257,1553]]}
{311:[[0,0,120,0,0,30],[0,0,257,1555]]}
{312:[[0,0,120,0,0,30],[0,0,257,1555]]}
{313:[[0,0,120,0,0,30],[0,0,257,1555]]}
{314:[[0,0,120,0,0,30],[0,0,257,1555]]}
{315:[[0,0,120,0,0,30],[0,0,257,1553]]}
{316:[[0,0,120,0,0,30],[0,0,257,1553]]}
{317:[[0,0,120,0,0,30],[0,0,257,1555]]}
{318:[[0,0,120,0,0,30],[0,0,258,1556]]}
{319:[[0,0,120,0,0,30],[0,0,258,1556]]}
{320:[[0,0,120,0,0,30],[0,0,258,1555]]}
{321:[[0,0,120,0,0,30],[0,0,257,1554]]}
{322:[[0,0,120,0,0,30],[0,0,258,1554]]}
{323:[[0,0,120,0,0,30],[0,0,258,1554]]}
{324:[[0,0,120,0,0,30],[0,0,258,1556]]}
{325:[[0,0,120,0,0,30],[0,0,257,1555]]}
{326:[[0,0,120,0,0,30],[0,0,257,1555]]}
{327:[[0,0,120,0,0,30],[0,0,257,1554]]}
{328:[[0,0,120,0,0,30],[0,0,258,1555]]}
{329:[[0,0,120,0,0,30],[0,0,256,1555]]}
{330:[[0,0,120,0,0,30],[0,0,257,1556]]}
{331:[[0,0,120,0,0,30],[0,0,258,1557]]}
{332:[[0,0,120,0,0,30],[0,0,256,1554]]}
{333:[[0,0,120,0,0,30],[0,0,258,1553]]}
{334:[[0,0,120,0,0,30],[0,0,256,1554]]}
{335:[[0,0,0,0,0,30],[0,0,258,1555]]}
{336:[[0,0,0,0,0,30],[0,0,258,1555]]}
{337:[[0,0,0,0,0,30],[0,0,257,1555]]}
{338:[[0,0,0,0,0,30],[0,0,258,1553]]}
{339:[[0,0,0,0,0,30],[0,0,257,1554]]}
{340:[[0,0,0,0,0,30],[0,0,258,1554]]}
{341:[[0,0,0,0,0,30],[0,0,258,1556]]}
{342:[[0,0,0,0,0,30],[0,0,258,1556]]}
{343:[[0,0,0,0,0,30],[0,0,257,1553]]}
{344:[[0,0,0,0,0,30],[0,0,259,1553]]}
{345:[[0,0,0,0,0,30],[0,0,257,1554]]}
{346:[[0,0,0,0,0,30],[0,0,257,1556]]}
{347:[[0,0,0,0,0,30],[0,0,258,1556]]}
{348:[[0,0,0,0,0,30],[0,0,258,1557]]}
{349:[[0,0,0,0,0,30],[0,0,257,1554]]}
{350:[[0,0,0,0,0,30],[0,0,257,1554]]}
{351:[[0,0,0,0,0,30],[0,0,258,1555]]}
{352:[[0,0,0,0,0,30],[0,0,258,1556]]}
{353:[[0,0,0,0,0,30],[0,0,255,1554]]}
{354:[[0,0,0,0,0,30],[0,0,257,1555]]}
{355:[[0,0,0,0,0,30],[0,0,257,1554]]}
{356:[[0,0,0,0,0,30],[0,0,257,1552]]}
{357:[[0,0,0,0,0,30],[0,0,258,1555]]}
{358:[[0,0,0,0,-120,30],[0,0,258,1556]]}
{359:[[0,0,0,0,-120,30],[0,0,257,1554]]}
{360:[[0,0,0,0,-120,30],[0,0,257,1554]]}
{361:[[0,0,0,0,-120,30],[0,0,257,1553]]}
{362:[[0,0,0,0,-120,30],[0,0,260,1553]]}
{363:[[0,0,0,0,-120,30],[0,0,257,1554]]}
{364:[[0,0,0,0,-120,30],[0,0,257,1555]]}
{365:[[0,0,0,0,-120,30],[0,0,258,1556]]}
{366:[[0,0,0,0,-120,30],[0,0,256,1555]]}
{367:[[0,0,0,0,-120,30],[0,0,257,1554]]}
{368:[[0,0,0,0,-120,30],[0,0,257,1555]]}
{369:[[0,0,0,0,-120,30],[0,0,258,1555]]}
{370:[[0,0,0,0,-120,30],[0,0,257,1557]]}
{371:[[0,0,0,0,-120,30],[0,0,257,1555]]}
{372:[[0,0,0,0,-120,30],[0,0,257,1553]]}
{373:[[0,0,0,0,-120,30],[0,0,257,1553]]}
{374:[[0,0,0,0,-120,30],[0,0,257,1555]]}
{375:[[0,0,0,0,-120,30],[0,0,257,1556]]}
{376:[[0,0,0,0,-120,30],[0,0,258,1556]]}
{377:[[0,0,0,0,-120,30],[0,0,257,1555]]}
{378:[[0,0,0,0,-120,30],[0,0,256,1552]]}
{379:[[0,0,0,0,-120,30],[0,0,258,1555]]}
{380:[[0,0,0,0,-120,30],[0,0,257,1554]]}
{381:[[0,0,0,0,-120,30],[0,0,256,1556]]}
{382:[[0,0,0,0,-120,30],[0,0,257,1554]]}
{383:[[0,0,0,0,-120,30],[0,0,257,1554]]}
{384:[[0,0,0,0,-120,30],[0,0,258,1553]]}
{385:[[0,0,0,0,-120,30],[0,0,258,1554]]}
{386:[[0,0,0,0,-120,30],[0,0,257,1553]]}
{387:[[0,0,0,0,-120,30],[0,0,257,1555]]}
{388:[[0,0,0,0,-120,30],[0,0,257,1556]]}
{389:[[0,0,0,0,-120,30],[0,0,257,1554]]}
{390:[[0,0,0,0,-120,30],[0,0,258,1553]]}
{391:[[0,0,0,0,-120,30],[0,0,257,1554]]}
{392:[[0,0,0,0,-120,30],[0,0,258,1556]]}
{393:[[0,0,0,0,-120,30],[0,0,257,1555]]}
{394:[[0,0,0,0,-120,30],[0,0,257,1554]]}
{395:[[0,0,0,0,-120,30],[0,0,258,1553]]}
{396:[[0,0,0,0,-120,30],[0,0,257,1552]]}
{397:[[0,0,0,0,-120,30],[0,0,258,1555]]}
{398:[[0,0,0,0,-120,30],[0,0,257,1555]]}
{399:[[0,0,0,0,-120,30],[0,0,258,1555]]}
{400:[[0,0,0,0,-120,30],[0,0,257,1554]]}
{401:[[0,0,0,0,-120,30],[0,0,258,1553]]}
{402:[[0,0,0,0,-120,30],[0,0,257,1554]]}
{403:[[0,0,0,0,-120,30],[0,0,258,1555]]}
{404:[[0,0,0,0,-120,30],[0,0,256,1554]]}
{405:[[0,0,0,0,-120,30],[0,0,257,1555]]}
{406:[[0,0,0,0,-120,30],[0,0,256,1554]]}
{407:[[0,0,0,0,-120,30],[0,0,257,1553]]}
{408:[[0,0,0,0,-120,30],[0,0,257,1556]]}
{409:[[0,0,0,0,-120,30],[0,0,257,1557]]}
{410:[[0,0,0,0,-120,30],[0,0,257,1556]]}
{411:[[0,0,0,0,-120,30],[0,0,257,1554]]}
{412:[[0,0,0,0,-120,30],[0,0,257,1553]]}
{413:[[0,0,0,0,-120,30],[0,0,257,1552]]}
{414:[[0,0,0,0,-120,30],[0,0,258,1556]]}
{415:[[0,0,0,0,-120,30],[0,0,257,1554]]}
{416:[[0,0,0,0,-120,30],[0,0,257,1555]]}
{417:[[0,0,0,0,-120,30],[0,0,257,1554]]}
{418:[[0,0,0,0,-120,30],[0,0,258,1554]]}
{419:[[0,0,0,0,-120,30],[-3,0,257,1554]]}
{420:[[0,0,0,0,-120,30],[-3,0,258,1554]]}
{421:[[0,0,0,0,-120,30],[-3,0,257,1554]]}
{422:[[0,0,0,0,-120,30],[-3,0,258,1555]]}
{423:[[0,0,0,0,-120,30],[-3,0,257,1553]]}
{424:[[0,0,0,0,-120,30],[-3,0,257,1553]]}
{425:[[0,0,0,0,0,30],[-3,0,258,1555]]}
{426:[[0,0,0,0,0,30],[-4,0,256,1554]]}
{427:[[0,0,0,0,0,30],[-4,0,257,1555]]}
{428:[[0,0,0,0,0,30],[-4,0,257,1554]]}
{429:[[0,0,0,0,0,30],[-4,0,258,1553]]}
{430:[[0,0,0,0,0,30],[-4,0,257,1554]]}
{431:[[0,0,0,0,0,30],[-4,0,258,1554]]}
{432:[[0,0,0,0,0,30],[-4,0,257,1556]]}
{433:[[0,0,0,0,0,30],[-4,0,258,1555]]}
{434:[[0,0,0,0,0,30],[-4,0,258,1553]]}
{435:[[0,0,0,0,0,30],[-4,0,257,1554]]}
{436:[[0,0,0,0,0,30],[-4,0,258,1556]]}
{437:[[0,0,0,0,0,30],[-4,0,257,1556]]}
{438:[[0,0,0,0,0,30],[-4,0,258,1556]]}
{439:[[0,0,0,0,0,30],[-4,0,257,1555]]}
{440:[[0,0,0,0,0,30],[-5,0,257,1554]]}
{441:[[0,0,0,0,0,30],[-5,0,258,1555]]}
{442:[[0,0,0,0,0,30],[-5,0,258,1554]]}
{443:[[0,0,0,0,0,30],[-5,0,258,1555]]}
{444:[[0,0,0,0,0,30],[-5,0,257,1555]]}
{445:[[0,0,0,0,0,30],[-5,0,258,1554]]}
{446:[[0,0,0,0,0,30],[-5,0,259,1552]]}
{447:[[0,0,0,0,0,30],[-6,0,256,1554]]}
{448:[[0,0,0,0,0,30],[-6,0,258,1555]]}
{449:[[0,0,0,0,0,30],[-6,0,258,1555]]}
{450:[[0,0,0,0,0,30],[-6,0,259,1556]]}
{451:[[0,0,0,0,0,30],[-6,0,257,1554]]}
{452:[[0,0,0,0,0,30],[-6,0,257,1554]]}
{453:[[0,0,0,0,0,30],[-6,0,258,1555]]}
{454:[[0,0,0,0,0,30],[-6,0,258,1555]]}
{455:[[0,0,0,0,0,30],[-6,0,257,1555]]}
{456:[[0,0,0,0,0,30],[-6,0,257,1555]]}
{457:[[0,0,0,0,0,30],[-6,0,257,1554]]}
{458:[[0,0,0,0,0,30],[-6,0,257,1554]]}
{459:[[20,0,0,0,0,30],[-6,0,258,1554]]}
{460:[[20,0,0,0,0,30],[-7,0,258,1556]]}
{461:[[22,0,0,0,0,30],[-7,0,258,1556]]}
{462:[[22,0,0,0,0,30],[-7,0,258,1553]]}
{463:[[22,0,0,0,0,30],[-7,0,256,1552]]}
{464:[[26,20,0,0,0,30],[-7,0,257,1554]]}
{465:[[26,20,0,0,0,30],[-7,0,258,1556]]}
{466:[[26,20,0,0,0,30],[-7,0,257,1555]]}
{467:[[26,20,0,0,0,30],[-7,0,258,1555]]}
{468:[[26,20,0,0,0,30],[-7,0,256,1554]]}
{469:[[26,20,0,0,0,30],[-7,0,257,1553]]}
{470:[[26,20,0,0,0,30],[-7,0,251,1555]]}
{471:[[26,20,0,0,0,30],[-7,0,258,1556]]}
{472:[[26,20,0,0,0,30],[-7,0,258,1555]]}
{473:[[26,20,0,0,0,30],[-7,2,257,1555]]}
{474:[[26,20,0,0,0,30],[-7,3,257,1554]]}
{475:[[26,20,0,0,0,30],[-8,3,258,1553]]}
{476:[[26,20,0,0,0,30],[-8,4,257,1555]]}
{477:[[26,20,0,0,0,30],[-8,4,257,1556]]}
{478:[[26,22,0,0,0,30],[-8,4,258,1555]]}
{479:[[26,22,0,0,0,30],[-8,4,258,1554]]}
{480:[[26,22,0,0,0,30],[-9,6,258,1553]]}
{481:[[26,24,0,0,0,30],[-9,8,257,1554]]}
{482:[[26,24,0,0,0,30],[-10,10,257,1555]]}
{483:[[26,24,0,0,0,30],[-11,11,257,1555]]}
{484:[[26,24,0,0,0,30],[-11,14,256,1555]]}
{485:[[26,24,0,0,0,30],[-12,16,256,1554]]}
{486:[[26,24,0,0,0,30],[-13,18,258,1553]]}
{487:[[26,28,0,0,0,30],[-14,19,258,1555]]}
{488:[[26,28,0,0,0,30],[-15,22,258,1554]]}
{489:[[26,29,0,0,0,30],[-16,23,257,1555]]}
{490:[[26,29,0,0,0,30],[-17,26,258,1557]]}
{491:[[26,29,0,0,0,30],[-18,28,257,1554]]}
{492:[[26,29,0,0,0,30],[-20,32,258,1553]]}
{493:[[26,29,0,0,0,30],[-21,35,258,1555]]}
{494:[[26,29,0,0,0,30],[-23,38,258,1557]]}
{495:[[26,29,0,0,0,30],[-24,42,258,1555]]}
{496:[[26,29,0,0,0,30],[-26,45,257,1554]]}
{497:[[26,29,0,0,0,30],[-28,48,256,1553]]}
{498:[[26,29,0,0,0,30],[-30,52,257,1554]]}
{499:[[26,29,0,0,0,30],[-32,56,258,1554]]}
{500:[[26,29,0,0,0,30],[-34,59,258,1557]]}
{501:[[27,29,0,0,0,30],[-36,63,257,1556]]}
{502:[[27,29,0,0,0,30],[-38,67,257,1554]]}
{503:[[27,29,0,0,0,30],[-40,72,257,1553]]}
{504:[[27,29,0,0,0,30],[-42,75,258,1554]]}
{505:[[27,29,0,0,0,30],[-44,79,257,1555]]}
{506:[[27,29,0,0,0,30],[-46,84,257,1554]]}
{507:[[27,29,0,0,0,30],[-48,88,257,1556]]}
{508:[[27,29,0,0,0,30],[-50,92,258,1554]]}
{509:[[27,29,0,0,0,30],[-53,96,258,1553]]}
{510:[[27,29,0,0,0,30],[-55,102,257,1556]]}
{511:[[27,29,0,0,0,30],[-57,106,257,1557]]}
{512:[[27,29,0,0,0,30],[-60,110,257,1556]]}
{513:[[27,29,0,0,0,30],[-62,115,257,1554]]}
{514:[[27,29,0,0,0,30],[-64,119,257,1552]]}
{515:[[27,29,0,0,0,30],[-67,124,257,1554]]}
{516:[[27,29,0,0,0,30],[-69,128,258,1555]]}
{517:[[27,29,0,0,0,30],[-72,134,258,1556]]}
{518:[[27,29,0,0,0,30],[-75,138,257,1554]]}
{519:[[27,29,0,0,0,30],[-78,144,256,1554]]}
{520:[[27,29,0,0,0,30],[-81,148,258,1554]]}
{521:[[27,29,0,0,0,30],[-84,154,257,1555]]}
{522:[[27,29,0,0,0,30],[-87,158,258,1556]]}
{523:[[27,29,0,0,0,30],[-89,163,258,1556]]}
{524:[[27,29,0,0,0,30],[-91,168,257,1555]]}
{525:[[27,29,0,0,0,30],[-93,174,257,1555]]}
{526:[[27,29,0,0,0,30],[-96,178,258,1553]]}
{527:[[27,29,0,0,0,30],[-98,184,257,1555]]}
{528:[[27,29,0,0,0,30],[-100,189,257,1555]]}
{529:[[27,29,0,0,0,30],[-103,194,257,1556]]}
{530:[[27,29,0,0,0,30],[-106,198,258,1554]]}
{531:[[27,29,0,0,0,30],[-108,205,259,1552]]}
{532:[[27,29,0,0,0,30],[-111,210,257,1556]]}
{533:[[27,29,0,0,0,30],[-114,215,257,1556]]}
{534:[[27,29,0,0,0,30],[-117,221,258,1556]]}
{535:[[27,29,0,0,0,30],[-119,226,257,1556]]}
{536:[[27,29,0,0,0,30],[-123,232,257,1554]]}
{537:[[27,29,0,0,0,30],[-126,238,258,1553]]}
{538:[[27,29,0,0,0,30],[-128,244,257,1552]]}
{539:[[27,29,0,0,0,30],[-131,250,257,1555]]}
{540:[[27,29,0,0,0,30],[-133,255,257,1555]]}
{541:[[27,29,0,0,0,30],[-136,262,258,1554]]}
{542:[[27,29,0,0,0,30],[-138,266,257,1554]]}
{543:[[27,29,0,0,0,30],[-141,272,258,1554]]}
{544:[[27,29,0,0,0,30],[-143,278,258,1555]]}
{545:[[27,29,0,0,0,30],[-145,284,257,1556]]}
{546:[[27,29,0,0,0,30],[-149,290,257,1555]]}
{547:[[27,29,0,0,0,30],[-151,296,258,1554]]}
{548:[[27,29,0,0,0,30],[-154,302,258,1554]]}
{549:[[27,29,0,0,0,30],[-157,307,257,1555]]}
{550:[[27,29,0,0,0,30],[-160,312,258,1556]]}
{551:[[27,29,0,0,0,30],[-163,318,257,1555]]}
{552:[[27,29,0,0,0,30],[-166,324,257,1554]]}
{553:[[27,29,0,0,0,30],[-169,330,257,1554]]}
{554:[[27,29,0,0,0,30],[-172,336,258,1553]]}
{555:[[27,29,0,0,0,30],[-175,342,258,1554]]}
{556:[[27,29,0,0,0,30],[-177,347,257,1554]]}
{557:[[27,29,0,0,0,30],[-180,353,257,1555]]}
{558:[[27,29,0,0,0,30],[-183,358,257,1554]]}
{559:[[27,29,0,0,0,30],[-185,364,258,1554]]}
{560:[[27,29,0,0,0,30],[-188,370,258,1556]]}
{561:[[27,29,0,0,0,30],[-191,375,258,1555]]}
{562:[[27,29,0,0,0,30],[-194,380,258,1556]]}
{563:[[27,29,0,0,0,30],[-197,386,258,1556]]}
{564:[[27,29,0,0,0,30],[-200,393,257,1554]]}
{565:[[27,29,0,0,0,30],[-203,399,257,1553]]}
{566:[[27,29,0,0,0,30],[-206,405,257,1553]]}
{567:[[27,29,0,0,0,30],[-209,411,258,1559]]}
{568:[[27,29,0,0,0,30],[-213,417,258,1556]]}
{569:[[27,29,0,0,0,30],[-216,423,257,1555]]}
{570:[[27,29,0,0,0,30],[-219,430,256,1554]]}
{571:[[26,29,0,0,0,30],[-222,435,257,1554]]}
{572:[[26,29,0,0,0,30],[-225,442,257,1554]]}
{573:[[23,29,0,0,0,30],[-228,447,257,1556]]}
{574:[[23,29,0,0,0,30],[-231,453,252,1556]]}
{575:[[23,29,0,0,0,30],[-234,459,257,1556]]}
{576:[[20,29,0,0,0,30],[-236,465,257,1554]]}
{577:[[20,29,0,0,0,30],[-239,470,257,1552]]}
{578:[[20,29,0,0,0,30],[-241,476,257,1554]]}
{579:[[20,29,0,0,0,30],[-244,482,257,1556]]}
{580:[[0,29,0,0,0,30],[-246,486,257,1555]]}
{581:[[0,29,0,0,0,30],[-248,492,258,1554]]}
{582:[[0,28,0,0,0,30],[-251,498,257,1552]]}
{583:[[0,28,0,0,0,30],[-253,504,258,1553]]}
{584:[[0,28,0,0,0,30],[-255,510,258,1554]]}
{585:[[0,0,0,0,0,30],[-258,515,258,1555]]}
{586:[[0,0,0,0,0,30],[-260,520,257,1557]]}
{587:[[0,0,0,0,0,30],[-262,524,257,1552]]}
{588:[[0,0,0,0,0,30],[-263,526,258,1556]]}
{589:[[0,0,0,0,0,30],[-266,527,258,1555]]}
{590:[[0,0,0,0,0,30],[-267,527,262,1555]]}
{591:[[0,0,0,0,0,30],[-268,531,257,1555]]}
{592:[[0,0,0,0,0,30],[-269,534,257,1555]]}
{593:[[0,0,0,0,0,30],[-270,536,257,1554]]}
{594:[[0,0,0,0,0,30],[-271,536,257,1552]]}
{595:[[0,0,0,0,0,30],[-272,538,258,1554]]}
{596:[[0,0,0,0,0,30],[-273,540,257,1556]]}
{597:[[0,0,0,0,0,30],[-273,542,257,1555]]}
{598:[[0,0,0,0,0,30],[-274,544,257,1554]]}
{599:[[0,0,0,0,0,30],[-274,544,256,1553]]}
{600:[[0,0,0,0,0,30],[-274,544,257,1554]]}
{601:[[0,0,0,0,0,30],[-274,544,258,1556]]}
{602:[[0,0,0,0,0,30],[-274,544,257,1555]]}
{603:[[0,0,0,0,0,30],[-274,544,257,1555]]}
{604:[[0,0,0,0,0,30],[-274,544,257,1554]]}
{605:[[0,0,0,0,0,30],[-274,544,257,1553]]}
{606:[[0,0,0,0,0,30],[-274,544,258,1554]]}
{607:[[0,0,0,0,0,30],[-274,544,257,1556]]}
{608:[[0,0,0,0,0,30],[-274,544,257,1556]]}
{609:[[0,0,0,0,0,30],[-274,544,258,1557]]}
{610:[[0,0,0,0,0,30],[-274,544,258,1554]]}
{611:[[0,0,0,0,0,30],[-274,544,257,1553]]}
{612:[[0,0,0,0,0,30],[-274,544,257,1555]]}
{613:[[0,0,0,0,0,30],[-274,544,257,1555]]}
{614:[[0,0,0,0,0,30],[-274,544,258,1556]]}
{615:[[0,0,0,0,0,30],[-274,544,257,1554]]}
{616:[[0,0,0,0,0,30],[-274,544,256,1553]]}
{617:[[0,0,0,0,0,30],[-274,544,257,1554]]}
{618:[[0,0,0,0,0,30],[-274,544,258,1555]]}
{619:[[0,0,0,0,0,30],[-274,544,257,1556]]}
{620:[[0,0,0,0,0,30],[-274,544,257,1556]]}
{621:[[0,0,0,0,0,30],[-274,544,258,1555]]}
{622:[[0,0,0,0,0,30],[-274,544,258,1553]]}
{623:[[0,0,0,0,0,30],[-274,544,257,1555]]}
{624:[[0,0,0,0,0,30],[-274,544,258,1555]]}
{625:[[0,0,0,0,0,30],[-274,544,257,1555]]}
{626:[[0,0,0,0,0,30],[-274,544,257,1555]]}
{627:[[0,0,0,0,0,30],[-274,544,258,1554]]}
{628:[[0,0,0,0,0,30],[-274,544,257,1553]]}
{629:[[0,0,0,0,0,30],[-274,544,258,1556]]}
{630:[[0,0,0,0,0,30],[-274,544,258,1557]]}
{631:[[0,0,0,0,0,30],[-274,544,257,1556]]}
{632:[[0,0,0,0,0,30],[-274,544,257,1554]]}
{633:[[0,0,0,0,0,30],[-274,544,257,1553]]}
{634:[[0,0,0,0,0,30],[-274,544,256,1554]]}
{635:[[0,0,0,0,0,30],[-274,544,258,1555]]}
{636:[[0,0,0,0,0,30],[-274,544,258,1555]]}
{637:[[0,0,0,0,0,30],[-274,544,258,1554]]}
{638:[[0,0,0,0,0,30],[-274,544,258,1555]]}
{639:[[0,0,-120,0,0,30],[-274,544,257,1553]]}
{640:[[0,0,-120,0,0,30],[-274,544,257,1555]]}
{641:[[0,0,-120,0,0,30],[-274,544,258,1556]]}
{642:[[0,0,-120,0,0,30],[-274,544,259,1556]]}
{643:[[0,0,-120,0,0,30],[-274,544,258,1555]]}
{644:[[0,0,-120,0,0,30],[-274,544,256,1553]]}
{645:[[0,0,-120,0,0,30],[-274,544,257,1554]]}
{646:[[0,0,0,0,0,30],[-274,544,258,1555]]}
{647:[[0,0,0,0,0,30],[-274,544,257,1558]]}
{648:[[0,0,0,0,0,30],[-274,544,257,1556]]}
{649:[[0,0,0,0,0,30],[-274,544,258,1555]]}
{650:[[0,0,0,0,0,30],[-274,544,258,1553]]}
{651:[[0,0,0,0,0,30],[-274,544,257,1554]]}
{652:[[0,0,0,0,0,30],[-274,544,257,1555]]}
{653:[[0,0,0,0,0,30],[-274,544,259,1556]]}
{654:[[0,0,0,0,0,30],[-274,544,258,1557]]}
{655:[[0,0,0,0,0,30],[-274,544,257,1554]]}
{656:[[0,0,0,0,0,30],[-274,544,257,1553]]}
{657:[[0,0,0,0,0,30],[-274,544,258,1554]]}
{658:[[0,0,0,0,0,30],[-274,544,258,1555]]}
{659:[[0,0,0,0,0,30],[-274,544,258,1556]]}
{660:[[0,0,0,0,0,30],[-274,544,258,1555]]}
{661:[[0,0,0,0,0,30],[-274,544,256,1554]]}
{662:[[0,0,0,0,0,30],[-274,544,257,1555]]}
{663:[[0,0,0,0,0,30],[-274,544,258,1554]]}
{664:[[0,0,0,0,0,30],[-274,544,257,1555]]}
{665:[[0,0,0,0,0,30],[-274,544,257,1557]]}
{666:[[0,0,0,0,0,30],[-274,544,258,1554]]}
{667:[[0,0,0,0,0,30],[-274,544,257,1554]]}
{668:[[0,0,0,0,0,30],[-274,544,257,1556]]}
{669:[[0,0,0,0,0,30],[-274,544,258,1556]]}
{670:[[0,0,0,0,0,30],[-274,544,258,1556]]}
{671:[[0,0,0,0,0,30],[-274,544,257,1557]]}
{672:[[0,0,0,0,0,30],[-274,544,257,1556]]}
{673:[[0,0,0,0,0,30],[-274,544,258,1554]]}
{674:[[0,0,0,0,0,-120],[-274,544,258,1555]]}
{675:[[0,0,0,0,0,-120],[-274,544,257,1555]]}
{676:[[0,0,0,0,0,-120],[-274,544,257,1554]]}
{677:[[0,0,0,0,0,-120],[-274,544,257,1555]]}
{678:[[0,0,0,0,0,-120],[-274,544,257,1554]]}
{679:[[0,0,0,0,0,-120],[-274,544,257,1554]]}
{680:[[0,0,0,0,0,-120],[-274,544,258,1555]]}
{681:[[0,0,0,0,0,-120],[-274,544,258,1556]]}
{682:[[0,0,0,0,0,-120],[-274,544,257,1556]]}
{683:[[0,0,0,0,0,-120],[-274,544,257,1554]]}
{684:[[0,0,0,0,0,-120],[-274,544,258,1554]]}
{685:[[0,0,0,0,0,-120],[-274,544,258,1555]]}
{686:[[0,0,0,0,0,-120],[-274,544,258,1557]]}
{687:[[0,0,0,0,0,-120],[-274,544,258,1556]]}
{688:[[0,0,0,0,0,-120],[-274,544,258,1556]]}
{689:[[0,0,0,0,0,-120],[-274,544,257,1554]]}
{690:[[0,0,0,0,0,-120],[-274,544,257,1554]]}
{691:[[0,0,0,0,0,-120],[-274,544,257,1555]]}
{692:[[0,0,0,0,0,-120],[-274,544,258,1555]]}
{693:[[0,0,0,0,0,-120],[-274,544,258,1555]]}
{694:[[0,0,0,0,0,-120],[-274,544,253,1556]]}
{695:[[0,0,0,0,0,-120],[-274,544,257,1554]]}
{696:[[0,0,0,0,0,-120],[-274,544,258,1553]]}
{697:[[0,0,0,0,0,-120],[-274,544,258,1555]]}
{698:[[0,0,0,0,0,-120],[-274,544,258,1557]]}
{699:[[0,0,0,0,0,-120],[-274,544,257,1556]]}
{700:[[0,0,0,0,0,-120],[-274,544,258,1557]]}
{701:[[0,0,0,0,0,-120],[-274,544,258,1553]]}
{702:[[0,0,0,0,0,-120],[-274,544,257,1554]]}
{703:[[0,0,0,0,0,-120],[-274,544,258,1556]]}
{704:[[0,0,0,0,0,-120],[-274,544,258,1556]]}
{705:[[0,0,0,0,0,-120],[-274,544,257,1555]]}
{706:[[0,0,0,0,0,-120],[-274,544,257,1554]]}
{707:[[0,0,0,0,0,-120],[-274,544,257,1552]]}
{708:[[0,0,0,0,0,-120],[-274,544,258,1554]]}
{709:[[0,0,0,0,0,-120],[-274,544,258,1556]]}
{710:[[0,0,0,0,0,-120],[-274,544,257,1555]]}
{711:[[0,0,0,0,0,-120],[-274,544,257,1555]]}
{712:[[0,0,0,0,0,-120],[-274,544,258,1554]]}
{713:[[0,0,0,0,0,-120],[-274,544,257,1553]]}
{714:[[0,0,0,0,0,-120],[-274,544,257,1554]]}
{715:[[0,0,0,0,0,-120],[-274,544,258,1556]]}
{716:[[0,0,0,0,0,-120],[-274,544,257,1556]]}
{717:[[0,0,0,0,0,-120],[-274,544,258,1554]]}
{718:[[0,0,0,0,0,-120],[-274,544,258,1553]]}
{719:[[0,0,0,0,0,-120],[-274,544,257,1553]]}
{720:[[0,0,0,0,0,-120],[-274,544,257,1556]]}
{721:[[0,0,0,0,0,-120],[-274,544,257,1557]]}
{722:[[0,0,0,0,0,-120],[-274,544,257,1555]]}
{723:[[0,0,0,0,0,-120],[-274,544,257,1554]]}
{724:[[0,0,0,0,0,-120],[-274,544,258,1554]]}
{725:[[0,0,0,0,0,-120],[-274,544,258,1554]]}
{726:[[0,0,0,0,0,-120],[-274,544,258,1555]]}
{727:[[0,0,0,0,0,-120],[-274,544,258,1555]]}
{728:[[0,0,0,0,0,-120],[-274,544,257,1556]]}
{729:[[0,0,0,0,0,-120],[-274,544,258,1554]]}
{730:[[0,0,0,0,0,-120],[-274,544,258,1554]]}
{731:[[0,0,0,0,0,-120],[-274,544,257,1555]]}
{732:[[0,0,0,0,0,-120],[-274,544,258,1556]]}
{733:[[0,0,0,0,0,-120],[-274,544,257,1556]]}
{734:[[0,0,0,0,0,-120],[-274,544,258,1550]]}
{735:[[0,0,0,0,0,-120],[-274,544,257,1552]]}
{736:[[0,0,0,0,0,-120],[-274,544,258,1554]]}
{737:[[0,0,0,0,0,-120],[-274,544,259,1555]]}
{738:[[0,0,0,0,0,-120],[-274,544,258,1555]]}
{739:[[0,0,0,0,0,-120],[-274,544,257,1555]]}
{740:[[0,0,0,0,0,-120],[-274,544,257,1555]]}
{741:[[0,0,0,0,0,-120],[-274,544,257,1554]]}
{742:[[0,0,0,0,0,-120],[-274,544,257,1554]]}
{743:[[0,0,0,0,0,-120],[-274,544,258,1556]]}
{744:[[0,0,0,0,0,-120],[-274,544,258,1556]]}
{745:[[0,0,0,0,0,-120],[-274,544,257,1555]]}
{746:[[0,0,0,0,0,-120],[-274,544,258,1553]]}
{747:[[0,0,0,0,0,-120],[-274,544,257,1552]]}
{748:[[0,0,0,0,0,-120],[-274,544,258,1555]]}
{749:[[0,0,0,0,0,-120],[-274,544,258,1555]]}
{750:[[0,0,0,0,0,-120],[-274,544,258,1554]]}
{751:[[0,0,0,0,0,-120],[-274,544,257,1554]]}
{752:[[0,0,0,0,0,-120],[-274,544,257,1553]]}
{753:[[0,0,0,0,0,-120],[-274,544,257,1554]]}
{754:[[0,0,0,0,0,-120],[-274,544,258,1555]]}
{755:[[0,0,0,0,0,-120],[-274,544,257,1557]]}
{756:[[0,0,0,0,0,-120],[-274,544,258,1555]]}
{757:[[0,0,0,0,0,-120],[-274,544,258,1555]]}
{758:[[0,0,0,0,0,-120],[-274,544,257,1553]]}
{759:[[0,0,0,0,0,-120],[-274,544,258,1554]]}
{760:[[0,0,0,0,0,-120],[-274,544,258,1557]]}
{761:[[0,0,0,0,0,-120],[-274,544,257,1555]]}
{762:[[0,0,0,0,0,-120],[-274,544,257,1555]]}
{763:[[0,0,0,0,0,-120],[-274,544,257,1554]]}
{764:[[0,0,0,0,0,-120],[-274,544,258,1553]]}
{765:[[0,0,0,0,0,-120],[-274,544,258,1554]]}
{766:[[0,0,0,0,0,-120],[-274,544,258,1555]]}
{767:[[0,0,0,0,0,-120],[-274,544,254,1555]]}
{768:[[0,0,0,0,0,-120],[-274,544,257,1554]]}
{769:[[0,0,0,0,0,-120],[-274,544,257,1553]]}
{770:[[0,0,0,0,0,-120],[-274,544,257,1554]]}
{771:[[0,0,0,0,0,-120],[-274,544,257,1555]]}
{772:[[0,0,0,0,0,-120],[-274,544,258,1556]]}
{773:[[0,0,0,0,0,-120],[-274,544,258,1555]]}
{774:[[0,0,0,0,0,-120],[-274,544,258,1555]]}
{775:[[0,0,0,0,0,-120],[-274,544,258,1554]]}
{776:[[0,0,0,0,0,-120],[-274,544,258,1554]]}
{777:[[0,0,0,0,0,-120],[-274,544,257,1554]]}
{778:[[0,0,0,0,0,-120],[-274,544,257,1555]]}
{779:[[0,0,0,0,0,-120],[-274,544,258,1555]]}
{780:[[0,0,0,0,0,-120],[-274,544,257,1554]]}
{781:[[0,0,0,0,0,-120],[-274,544,257,1553]]}
{782:[[0,0,0,0,0,-120],[-274,544,258,1556]]}
{783:[[0,0,0,0,0,-120],[-274,544,257,1556]]}
{784:[[0,0,0,0,0,-120],[-274,544,257,1554]]}
{785:[[0,0,120,0,0,-120],[-274,544,258,1555]]}
{786:[[0,0,120,0,0,-120],[-274,544,258,1553]]}
{787:[[0,0,120,0,0,-120],[-274,544,258,1554]]}
{788:[[0,0,120,0,0,-120],[-274,544,258,1555]]}
{789:[[0,0,120,0,0,-120],[-274,544,258,1555]]}
{790:[[0,0,120,0,0,-120],[-274,544,259,1556]]}
{791:[[0,0,120,0,0,-120],[-274,544,256,1554]]}
{792:[[0,0,120,0,0,-120],[-274,544,258,1553]]}
{793:[[0,0,120,0,0,30],[-274,544,257,1555]]}
{794:[[0,0,120,0,0,30],[-274,544,257,1555]]}
{795:[[0,0,120,0,0,30],[-274,544,257,1556]]}
{796:[[0,0,120,0,0,30],[-274,544,258,1555]]}
{797:[[0,0,120,0,0,30],[-274,544,257,1555]]}
{798:[[0,0,120,0,0,30],[-274,544,258,1553]]}
{799:[[0,0,120,0,0,30],[-274,544,258,1556]]}
{800:[[0,0,120,0,0,30],[-274,544,258,1556]]}
{801:[[0,0,120,0,0,30],[-274,544,257,1555]]}
{802:[[0,0,120,0,0,30],[-274,544,257,1555]]}
{803:[[0,0,120,0,0,30],[-274,544,257,1553]]}
{804:[[0,0,120,0,0,30],[-274,544,258,1556]]}
{805:[[0,0,120,0,0,30],[-274,544,257,1555]]}
{806:[[0,0,120,0,0,30],[-274,544,258,1556]]}
{807:[[0,0,120,0,0,30],[-274,544,258,1556]]}
{808:[[0,0,120,0,0,30],[-274,544,257,1554]]}
{809:[[0,0,120,0,0,30],[-274,544,257,1553]]}
{810:[[0,0,0,0,0,30],[-274,544,258,1554]]}
{811:[[0,0,0,0,0,30],[-274,544,258,1555]]}
{812:[[0,0,0,0,0,30],[-274,544,258,1555]]}
{813:[[0,0,0,0,0,30],[-274,544,258,1555]]}
{814:[[0,0,0,0,0,30],[-274,544,258,1554]]}
{815:[[0,0,0,0,0,30],[-274,544,258,1554]]}
{816:[[0,0,0,0,0,30],[-275,544,258,1555]]}
{817:[[0,0,0,0,0,30],[-275,544,258,1556]]}
{818:[[0,0,0,0,0,30],[-275,546,258,1556]]}
{819:[[0,0,0,0,0,30],[-275,548,258,1553]]}
{820:[[0,0,0,0,0,30],[-275,548,259,1552]]}
{821:[[0,0,0,0,0,30],[-275,548,257,1554]]}
{822:[[0,0,0,0,0,30],[-275,548,258,1556]]}
{823:[[0,0,0,0,0,30],[-275,548,257,1556]]}
{824:[[0,0,0,0,0,30],[-275,548,257,1556]]}
{825:[[0,0,0,0,0,30],[-275,548,257,1554]]}
{826:[[0,0,0,0,0,30],[-275,548,257,1553]]}
{827:[[0,0,0,0,0,30],[-275,548,258,1555]]}
{828:[[0,0,0,0,0,30],[-275,548,258,1555]]}
{829:[[0,0,0,0,0,30],[-275,548,258,1555]]}
{830:[[0,0,0,0,0,30],[-275,548,258,1556]]}
{831:[[0,0,0,0,0,30],[-275,548,258,1555]]}
{832:[[0,0,0,0,0,30],[-275,548,258,1554]]}
{833:[[0,0,0,0,0,30],[-275,548,256,1554]]}
{834:[[0,0,0,0,0,30],[-275,548,258,1555]]}
{835:[[0,0,0,0,0,30],[-275,548,257,1556]]}
{836:[[0,0,0,0,0,30],[-275,548,257,1554]]}
{837:[[0,0,0,0,0,30],[-275,548,257,1553]]}
{838:[[0,0,0,0,0,30],[-275,548,258,1555]]}
{839:[[0,0,0,0,0,30],[-275,548,256,1555]]}
{840:[[0,0,0,0,0,30],[-275,548,257,1556]]}
{841:[[0,0,0,0,0,30],[-275,548,258,1556]]}
{842:[[0,0,0,0,0,30],[-275,548,257,1554]]}
{843:[[0,0,0,0,0,30],[-275,548,257,1554]]}
{844:[[0,0,0,0,0,30],[-275,548,258,1555]]}
{845:[[0,0,0,0,0,30],[-275,548,258,1555]]}
{846:[[0,0,0,0,0,30],[-275,548,258,1556]]}
{847:[[0,0,0,0,0,30],[-275,548,257,1553]]}
{848:[[0,0,0,0,0,30],[-275,548,258,1554]]}
{849:[[0,0,0,0,0,30],[-275,548,258,1553]]}
{850:[[0,0,0,0,0,30],[-275,548,257,1555]]}
{851:[[0,0,0,0,0,30],[-275,548,257,1556]]}
{852:[[0,0,0,0,0,30],[-275,548,258,1555]]}
{853:[[0,0,0,0,0,30],[-275,548,260,1554]]}
{854:[[0,0,0,0,0,30],[-275,548,257,1551]]}
{855:[[0,0,0,0,0,30],[-275,548,258,1554]]}
{856:[[0,0,0,0,0,30],[-275,548,258,1555]]}
{857:[[0,0,0,0,0,30],[-275,548,257,1555]]}
{858:[[0,0,0,0,0,30],[-275,548,257,1557]]}
{859:[[0,0,0,0,0,30],[-275,548,257,1554]]}
{860:[[0,0,0,0,0,30],[-275,548,257,1554]]}
{861:[[0,0,0,0,0,30],[-275,548,257,1553]]}
{862:[[0,0,0,0,0,30],[-275,548,258,1556]]}
{863:[[0,0,0,0,0,30],[-275,548,257,1555]]}
{864:[[0,0,0,0,0,30],[-275,548,258,1554]]}
{865:[[0,0,0,0,0,30],[-275,548,257,1554]]}
{866:[[0,0,0,0,0,30],[-275,548,257,1553]]}
{867:[[0,0,0,0,0,30],[-275,548,258,1555]]}
{868:[[0,0,0,0,0,30],[-275,548,258,1556]]}
{869:[[0,0,0,0,0,30],[-275,548,257,1555]]}
{870:[[0,0,0,0,0,30],[-275,548,258,1554]]}
{871:[[0,0,0,0,0,30],[-275,548,256,1553]]}
{872:[[0,0,0,0,0,30],[-275,548,257,1554]]}
{873:[[0,0,0,0,0,30],[-275,548,257,1555]]}
{874:[[0,0,0,0,0,30],[-275,548,256,1555]]}
{875:[[0,0,0,0,0,30],[-275,548,257,1555]]}
{876:[[0,0,0,0,0,30],[-275,548,258,1554]]}
{877:[[0,0,0,0,0,30],[-275,548,258,1553]]}
{878:[[0,0,0,0,0,30],[-275,548,258,1555]]}
{879:[[0,0,0,0,0,30],[-275,548,258,1555]]}
{880:[[0,0,0,0,0,30],[-275,548,257,1555]]}
{881:[[0,0,0,0,0,30],[-275,548,256,1555]]}
{882:[[0,0,0,0,0,30],[-275,548,257,1553]]}
{883:[[0,0,0,0,120,30],[-275,548,257,1554]]}
{884:[[0,0,0,0,120,30],[-275,548,258,1556]]}
{885:[[0,0,0,0,120,30],[-275,548,258,1556]]}
{886:[[0,0,0,0,120,30],[-275,548,258,1555]]}
{887:[[0,0,0,0,120,30],[-275,548,256,1554]]}
{888:[[0,0,0,0,120,30],[-275,548,257,1553]]}
{889:[[0,0,0,0,120,30],[-275,548,257,1553]]}
{890:[[0,0,0,0,120,30],[-275,548,257,1555]]}
{891:[[0,0,0,0,120,30],[-275,548,257,1555]]}
{892:[[0,0,0,0,120,30],[-275,548,257,1555]]}
{893:[[0,0,0,0,120,30],[-275,548,257,1554]]}
{894:[[0,0,0,0,120,30],[-275,548,257,1552]]}
{895:[[0,0,0,0,120,30],[-275,548,258,1554]]}
{896:[[0,0,0,0,120,30],[-275,548,254,1556]]}
{897:[[0,0,0,0,120,30],[-275,548,257,1555]]}
{898:[[0,0,0,0,120,30],[-275,548,257,1554]]}
{899:[[0,0,0,0,120,30],[-275,548,257,1555]]}
{900:[[0,0,0,0,120,30],[-275,548,257,1554]]}
{901:[[0,0,0,0,120,30],[-275,548,257,1554]]}
{902:[[0,0,0,0,120,30],[-275,548,257,1556]]}
{903:[[0,0,0,0,120,30],[-275,548,257,1556]]}
{904:[[0,0,0,0,120,30],[-275,548,257,1554]]}
{905:[[0,0,0,0,120,30],[-275,548,257,1552]]}
{906:[[0,0,0,0,120,30],[-275,548,257,1555]]}
{907:[[0,0,0,0,120,30],[-275,548,257,1555]]}
{908:[[0,0,0,0,120,30],[-275,548,257,1555]]}
{909:[[0,0,0,0,120,30],[-275,548,257,1556]]}
{910:[[0,0,0,0,120,30],[-275,548,256,1553]]}
{911:[[0,0,0,0,0,30],[-275,548,256,1553]]}
{912:[[0,0,0,0,0,30],[-275,548,257,1555]]}
{913:[[0,0,0,0,0,30],[-275,548,258,1556]]}
{914:[[0,0,0,0,0,30],[-275,548,258,1556]]}
{915:[[0,0,0,0,0,30],[-275,548,257,1555]]}
{916:[[0,0,0,0,0,30],[-275,548,257,1555]]}
{917:[[0,0,0,0,0,30],[-275,548,257,1553]]}
{918:[[0,0,0,0,0,30],[-275,548,257,1556]]}
{919:[[0,0,0,0,0,30],[-275,548,258,1556]]}
{920:[[0,0,0,0,0,30],[-275,548,257,1555]]}
{921:[[0,0,0,0,0,30],[-275,548,257,1554]]}
{922:[[0,0,0,0,0,30],[-275,548,257,1553]]}
{923:[[0,0,0,0,0,30],[-275,548,257,1554]]}
{924:[[0,0,0,0,0,30],[-275,548,252,1555]]}
{925:[[0,0,0,0,0,30],[-275,548,258,1555]]}
{926:[[0,0,0,0,0,30],[-275,548,258,1555]]}
{927:[[0,0,0,0,0,30],[-275,548,257,1553]]}
{928:[[0,0,0,0,0,30],[-275,548,257,1555]]}
{929:[[0,0,0,0,0,30],[-275,548,257,1554]]}
{930:[[0,0,0,0,0,30],[-275,548,258,1557]]}
{931:[[0,0,0,0,0,30],[-275,548,258,1556]]}
{932:[[0,0,0,0,0,30],[-275,548,257,1556]]}
{933:[[0,0,0,0,0,30],[-275,548,258,1554]]}
{934:[[0,0,0,0,0,30],[-275,548,257,1556]]}
{935:[[0,0,0,0,0,30],[-275,548,257,1555]]}
{936:[[0,0,0,0,0,30],[-275,548,257,1556]]}
{937:[[0,0,0,0,0,30],[-275,548,258,1556]]}
{938:[[0,0,0,0,0,30],[-275,548,257,1554]]}
{939:[[0,0,-120,0,0,30],[-275,548,258,1553]]}
{940:[[0,0,-120,0,0,30],[-275,548,257,1556]]}
{941:[[0,0,-120,0,0,30],[-275,548,258,1555]]}
{942:[[0,0,-120,0,0,30],[-275,548,257,1556]]}
{943:[[0,0,-120,0,0,30],[-275,548,257,1556]]}
{944:[[0,0,-120,0,0,30],[-275,548,257,1554]]}
{945:[[0,0,-120,0,0,30],[-275,548,259,1555]]}
{946:[[0,0,-120,0,0,30],[-275,548,257,1556]]}
{947:[[0,0,-120,0,0,30],[-275,548,258,1556]]}
{948:[[0,0,-120,0,0,30],[-275,548,257,1555]]}
{949:[[0,0,-120,0,0,30],[-275,548,256,1556]]}
{950:[[0,0,-120,0,0,30],[-275,548,258,1556]]}
{951:[[0,0,-120,0,0,30],[-275,548,256,1554]]}
{952:[[0,0,-120,0,0,30],[-275,548,256,1555]]}
{953:[[0,0,-120,0,0,30],[-275,548,257,1556]]}
{954:[[0,0,-120,0,0,30],[-275,548,258,1556]]}
{955:[[0,0,-120,0,0,30],[-275,548,257,1555]]}
{956:[[0,0,-120,0,0,30],[-275,548,258,1553]]}
{957:[[0,0,-120,0,0,30],[-275,548,258,1554]]}
{958:[[0,0,-120,0,0,30],[-275,548,255,1555]]}
{959:[[0,0,0,0,0,30],[-275,548,257,1556]]}
{960:[[0,0,0,0,0,30],[-275,548,256,1556]]}
{961:[[0,0,0,0,0,30],[-275,548,257,1554]]}
{962:[[0,0,0,0,0,30],[-275,548,257,1554]]}
{963:[[0,0,0,0,0,30],[-275,548,258,1554]]}
{964:[[0,0,0,0,0,30],[-275,548,251,1555]]}
{965:[[0,0,0,0,0,30],[-275,548,257,1556]]}
{966:[[0,0,0,0,0,30],[-275,548,258,1555]]}
{967:[[0,0,0,0,0,30],[-275,548,257,1554]]}
{968:[[0,0,0,0,0,30],[-275,548,258,1551]]}
{969:[[0,0,0,0,0,30],[-275,548,258,1554]]}
{970:[[0,0,0,0,0,30],[-275,548,258,1557]]}
{971:[[0,0,0,0,0,30],[-275,548,258,1554]]}
{972:[[0,0,0,0,0,30],[-275,548,257,1555]]}
{973:[[0,0,0,0,0,30],[-275,548,258,1553]]}
{974:[[0,0,0,0,0,30],[-275,548,257,1554]]}
{975:[[0,0,0,0,0,30],[-275,548,258,1555]]}
{976:[[0,0,0,0,0,30],[-275,548,258,1555]]}
{977:[[0,0,0,0,0,30],[-275,548,258,1558]]}
{978:[[0,0,0,0,0,30],[-275,548,258,1553]]}
{979:[[0,0,0,0,0,30],[-275,548,257,1552]]}
{980:[[0,0,0,0,0,30],[-275,548,258,1554]]}
{981:[[0,0,0,0,0,30],[-275,548,257,1556]]}
{982:[[0,0,0,0,0,30],[-275,548,257,1558]]}
{983:[[0,0,0,0,0,30],[-275,548,258,1557]]}
{984:[[0,0,0,0,0,30],[-275,548,257,1555]]}
{985:[[0,0,0,0,0,30],[-275,548,257,1552]]}
{986:[[0,0,0,0,0,30],[-275,548,255,1554]]}
{987:[[0,0,0,0,0,30],[-275,548,257,1556]]}
{988:[[0,0,0,0,0,30],[-275,548,257,1556]]}
{989:[[0,0,0,0,0,30],[-275,548,257,1555]]}
{990:[[0,0,0,0,0,30],[-275,548,258,1553]]}
{991:[[0,0,0,0,0,30],[-275,548,257,1555]]}
{992:[[21,0,0,0,0,30],[-275,548,258,1553]]}
{993:[[21,0,0,0,0,30],[-275,548,257,1554]]}
{994:[[21,0,0,0,0,30],[-275,548,257,1556]]}
{995:[[30,0,0,0,0,30],[-275,548,257,1555]]}
{996:[[30,0,0,0,0,30],[-275,548,258,1553]]}
{997:[[30,0,0,0,0,30],[-275,548,256,1555]]}
{998:[[32,-27,0,0,0,30],[-275,548,257,1554]]}
{999:[[32,-27,0,0,0,30],[-277,548,258,1555]]}
{1000:[[34,-33,0,0,0,30],[-278,548,258,1554]]}
{1001:[[34,-33,0,0,0,30],[-278,548,257,1555]]}
{1002:[[34,-33,0,0,0,30],[-278,548,257,1554]]}
{1003:[[36,-37,0,0,0,30],[-279,548,257,1554]]}
{1004:[[36,-37,0,0,0,30],[-280,548,257,1556]]}
{1005:[[36,-37,0,0,0,30],[-281,548,257,1554]]}
{1006:[[40,-44,0,0,0,30],[-282,548,256,1553]]}
{1007:[[40,-44,0,0,0,30],[-283,548,257,1553]]}
{1008:[[40,-44,0,0,0,30],[-283,548,256,1553]]}
{1009:[[41,-48,0,0,0,30],[-285,548,257,1555]]}
{1010:[[41,-48,0,0,0,30],[-286,548,258,1554]]}
{1011:[[41,-48,0,0,0,30],[-287,546,256,1555]]}
{1012:[[41,-48,0,0,0,30],[-288,542,255,1553]]}
{1013:[[41,-48,0,0,0,30],[-289,538,257,1553]]}
{1014:[[41,-48,0,0,0,30],[-291,536,255,1555]]}
{1015:[[41,-48,0,0,0,30],[-292,534,258,1554]]}
{1016:[[41,-48,0,0,0,30],[-293,530,257,1555]]}
{1017:[[41,-50,0,0,0,30],[-295,526,257,1555]]}
{1018:[[41,-50,0,0,0,30],[-297,522,257,1554]]}
{1019:[[41,-50,0,0,0,30],[-298,516,258,1553]]}
{1020:[[41,-52,0,0,0,30],[-299,511,258,1553]]}
{1021:[[41,-52,0,0,0,30],[-301,506,257,1554]]}
{1022:[[41,-52,0,0,0,30],[-302,501,256,1554]]}
{1023:[[41,-52,0,0,0,30],[-304,496,258,1554]]}
{1024:[[41,-52,0,0,0,30],[-305,490,257,1554]]}
{1025:[[41,-52,0,0,0,30],[-307,484,256,1553]]}
{1026:[[41,-52,0,0,0,30],[-309,477,256,1555]]}
{1027:[[41,-52,0,0,0,30],[-311,471,258,1554]]}
{1028:[[41,-52,0,0,0,30],[-313,464,256,1555]]}
{1029:[[41,-52,0,0,0,30],[-314,458,257,1553]]}
{1030:[[41,-52,0,0,0,30],[-316,452,256,1552]]}
{1031:[[41,-53,0,0,0,30],[-318,444,258,1555]]}
{1032:[[41,-53,0,0,0,30],[-320,438,257,1555]]}
{1033:[[41,-53,0,0,0,30],[-321,430,256,1554]]}
{1034:[[41,-52,0,0,0,30],[-323,424,257,1553]]}
{1035:[[41,-52,0,0,0,30],[-326,418,257,1553]]}
{1036:[[41,-52,0,0,0,30],[-328,411,257,1554]]}
{1037:[[40,-52,0,0,0,30],[-331,404,257,1555]]}
{1038:[[40,-52,0,0,0,30],[-333,398,258,1557]]}
{1039:[[40,-52,0,0,0,30],[-335,390,257,1554]]}
{1040:[[40,-52,0,0,0,30],[-337,384,257,1554]]}
{1041:[[40,-52,0,0,0,30],[-340,376,256,1552]]}
{1042:[[40,-52,0,0,0,30],[-342,368,256,1553]]}
{1043:[[40,-52,0,0,0,30],[-345,360,257,1556]]}
{1044:[[40,-52,0,0,0,30],[-347,353,256,1554]]}
{1045:[[40,-52,0,0,0,30],[-350,346,257,1555]]}
{1046:[[40,-52,0,0,0,30],[-353,338,256,1553]]}
{1047:[[40,-52,0,0,0,30],[-355,330,258,1553]]}
{1048:[[40,-52,0,0,0,30],[-357,323,257,1555]]}
{1049:[[40,-52,0,0,0,30],[-359,315,257,1556]]}
{1050:[[40,-52,0,0,0,30],[-361,308,259,1556]]}
{1051:[[40,-52,0,0,0,30],[-365,300,258,1555]]}
{1052:[[40,-52,0,0,0,30],[-367,292,257,1554]]}
{1053:[[40,-52,0,0,0,30],[-369,285,258,1555]]}
{1054:[[40,-52,0,0,0,30],[-372,278,258,1556]]}
{1055:[[40,-52,0,0,0,30],[-375,270,257,1556]]}
{1056:[[40,-52,0,0,0,30],[-377,262,254,1555]]}
{1057:[[40,-52,0,0,0,30],[-380,256,258,1554]]}
{1058:[[40,-52,0,0,0,30],[-383,249,258,1554]]}
{1059:[[40,-52,0,0,0,30],[-386,242,257,1553]]}
{1060:[[40,-52,0,0,0,30],[-389,235,257,1555]]}
{1061:[[40,-52,0,0,0,30],[-392,228,257,1556]]}
{1062:[[40,-52,0,0,0,30],[-395,221,257,1555]]}
{1063:[[40,-52,0,0,0,30],[-398,214,256,1555]]}
{1064:[[40,-52,0,0,0,30],[-401,206,256,1553]]}
{1065:[[40,-52,0,0,0,30],[-403,196,257,1554]]}
{1066:[[40,-52,0,0,0,30],[-406,188,258,1556]]}
{1067:[[40,-52,0,0,0,30],[-408,182,256,1554]]}
{1068:[[37,-52,0,0,0,30],[-411,177,257,1555]]}
{1069:[[37,-52,0,0,0,30],[-414,170,257,1553]]}
{1070:[[0,-42,0,0,0,30],[-417,162,256,1553]]}
{1071:[[0,-42,0,0,0,30],[-419,155,259,1554]]}
{1072:[[0,-42,0,0,0,30],[-422,149,258,1556]]}
{1073:[[0,0,0,0,0,30],[-423,142,257,1556]]}
{1074:[[0,0,0,0,0,30],[-423,136,257,1554]]}
{1075:[[0,0,0,0,0,30],[-424,130,257,1553]]}
{1076:[[0,0,0,0,0,30],[-425,126,258,1556]]}
{1077:[[0,0,0,0,0,30],[-426,124,257,1554]]}
{1078:[[0,0,0,0,0,30],[-427,124,257,1555]]}
{1079:[[0,0,0,0,0,30],[-428,118,257,1556]]}
{1080:[[0,0,0,0,0,30],[-429,114,257,1554]]}
{1081:[[0,0,0,0,0,30],[-429,112,257,1554]]}
{1082:[[0,0,0,0,0,30],[-429,109,257,1556]]}
{1083:[[0,0,0,0,0,30],[-429,106,257,1557]]}
{1084:[[0,0,0,0,0,30],[-429,103,258,1556]]}
{1085:[[0,0,0,0,0,30],[-429,102,258,1556]]}
{1086:[[0,0,0,0,0,30],[-429,100,257,1555]]}
{1087:[[0,0,0,0,0,30],[-429,99,258,1554]]}
{1088:[[0,0,0,0,0,30],[-429,99,258,1556]]}
{1089:[[0,0,0,0,0,30],[-429,99,257,1556]]}
{1090:[[0,0,0,0,0,30],[-429,99,257,1556]]}
{1091:[[0,0,0,0,0,30],[-429,99,257,1555]]}
{1092:[[0,0,0,0,0,30],[-429,99,257,1553]]}
{1093:[[0,0,0,0,0,30],[-429,99,257,1554]]}
{1094:[[0,0,0,0,0,30],[-429,99,257,1554]]}
{1095:[[0,0,0,0,0,30],[-429,99,258,1557]]}
{1096:[[0,0,0,0,0,30],[-429,99,259,1557]]}
{1097:[[0,0,0,0,0,30],[-429,99,257,1554]]}
{1098:[[0,0,0,0,0,30],[-429,99,256,1554]]}
{1099:[[0,0,0,0,0,30],[-429,99,257,1553]]}
{1100:[[0,0,0,0,0,30],[-429,99,258,1556]]}
{1101:[[0,0,0,0,0,30],[-429,99,258,1556]]}
{1102:[[0,0,0,0,0,30],[-429,99,257,1554]]}
{1103:[[0,0,0,0,0,30],[-429,99,258,1554]]}
{1104:[[0,0,0,0,0,30],[-429,99,257,1553]]}
{1105:[[0,0,0,0,0,30],[-429,99,258,1555]]}
{1106:[[0,0,0,0,0,30],[-429,99,257,1556]]}
{1107:[[0,0,0,0,0,30],[-429,99,257,1556]]}
{1108:[[0,0,0,0,0,30],[-429,99,258,1555]]}
{1109:[[0,0,0,0,0,30],[-429,99,258,1553]]}
{1110:[[0,0,0,0,0,30],[-429,99,257,1554]]}
{1111:[[0,0,0,0,0,30],[-429,99,258,1556]]}
{1112:[[0,0,0,0,0,30],[-429,99,258,1555]]}
{1113:[[0,20,0,0,0,30],[-429,99,258,1557]]}
{1114:[[0,20,0,0,0,30],[-429,99,257,1554]]}
{1115:[[0,20,0,0,0,30],[-429,99,257,1552]]}
{1116:[[0,20,0,0,0,30],[-429,99,258,1555]]}
{1117:[[0,20,0,0,0,30],[-429,99,258,1556]]}
{1118:[[0,20,0,0,0,30],[-429,99,257,1555]]}
{1119:[[0,20,0,0,0,30],[-429,99,257,1555]]}
{1120:[[0,20,0,0,0,30],[-429,99,258,1555]]}
{1121:[[0,20,0,0,0,30],[-429,99,257,1554]]}
{1122:[[0,20,0,0,0,30],[-429,99,257,1555]]}
{1123:[[0,20,0,0,0,30],[-429,99,257,1555]]}
{1124:[[0,20,0,0,0,30],[-430,99,257,1555]]}
{1125:[[0,20,0,0,0,30],[-430,99,257,1555]]}
{1126:[[0,0,0,0,0,30],[-430,99,258,1553]]}
{1127:[[0,0,0,0,0,30],[-430,99,257,1554]]}
{1128:[[0,0,0,0,0,30],[-430,99,258,1554]]}
{1129:[[0,0,0,0,0,30],[-430,99,258,1556]]}
{1130:[[0,0,0,0,0,30],[-430,99,258,1556]]}
{1131:[[0,0,0,0,0,30],[-430,99,257,1555]]}
{1132:[[0,0,0,0,0,30],[-430,99,257,1553]]}
{1133:[[0,0,0,0,0,30],[-430,99,257,1555]]}
{1134:[[0,0,0,0,0,30],[-430,99,258,1555]]}
{1135:[[0,0,0,0,0,30],[-430,99,257,1555]]}
{1136:[[0,0,0,0,0,30],[-430,99,258,1556]]}
{1137:[[0,0,0,0,0,30],[-430,99,257,1555]]}
{1138:[[-28,0,0,0,0,30],[-430,99,258,1554]]}
{1139:[[-28,0,0,0,0,30],[-430,99,257,1554]]}
{1140:[[-28,0,0,0,0,30],[-430,99,257,1556]]}
{1141:[[-41,0,0,0,0,30],[-430,99,257,1557]]}
{1142:[[-41,0,0,0,0,30],[-430,99,257,1553]]}
{1143:[[-42,-22,0,0,0,30],[-430,99,256,1553]]}
{1144:[[-42,-22,0,0,0,30],[-430,99,257,1554]]}
{1145:[[-42,-22,0,0,0,30],[-430,99,258,1556]]}
{1146:[[-42,-22,0,0,0,30],[-430,99,257,1555]]}
{1147:[[-46,-32,0,0,0,30],[-430,99,257,1555]]}
{1148:[[-46,-32,0,0,0,30],[-430,99,257,1554]]}
{1149:[[-46,-32,0,0,0,30],[-430,98,258,1552]]}
{1150:[[-52,-32,0,0,0,30],[-431,89,258,1555]]}
{1151:[[-52,-32,0,0,0,30],[-432,82,257,1556]]}
{1152:[[-61,-32,0,0,0,30],[-435,77,257,1555]]}
{1153:[[-61,-32,0,0,0,30],[-437,72,257,1554]]}
{1154:[[-61,-32,0,0,0,30],[-441,69,256,1555]]}
{1155:[[-69,-32,0,0,0,30],[-445,64,257,1552]]}
{1156:[[-69,-32,0,0,0,30],[-449,60,257,1554]]}
{1157:[[-69,-32,0,0,0,30],[-453,54,257,1556]]}
{1158:[[-69,-32,0,0,0,30],[-458,49,258,1556]]}
{1159:[[-69,-32,0,0,0,30],[-463,43,256,1554]]}
{1160:[[-69,-32,0,0,0,30],[-467,38,256,1553]]}
{1161:[[-69,-39,0,0,0,30],[-472,32,257,1553]]}
{1162:[[-69,-39,0,0,0,30],[-477,26,257,1556]]}
{1163:[[-69,-39,0,0,0,30],[-482,18,258,1555]]}
{1164:[[-69,-46,0,0,0,30],[-488,10,257,1555]]}
{1165:[[-69,-46,0,0,0,30],[-494,2,257,1554]]}
{1166:[[-69,-46,0,0,0,30],[-501,-8,257,1553]]}
{1167:[[-69,-52,0,0,0,30],[-507,-18,258,1555]]}
{1168:[[-69,-52,0,0,0,30],[-513,-28,257,1555]]}
{1169:[[-69,-52,0,0,0,30],[-518,-40,257,1554]]}
{1170:[[-69,-56,0,0,0,30],[-524,-50,257,1555]]}
{1171:[[-69,-56,0,0,0,30],[-531,-62,257,1554]]}
{1172:[[-69,-56,0,0,0,30],[-538,-74,257,1554]]}
{1173:[[-53,-67,0,0,0,30],[-546,-86,257,1556]]}
{1174:[[-53,-67,0,0,0,30],[-553,-98,257,1555]]}
{1175:[[-53,-67,0,0,0,30],[-559,-109,257,1555]]}
{1176:[[-46,-74,0,0,0,30],[-566,-120,257,1554]]}
{1177:[[-46,-74,0,0,0,30],[-572,-133,257,1553]]}
{1178:[[-46,-74,0,0,0,30],[-579,-145,257,1554]]}
{1179:[[-46,-74,0,0,0,30],[-586,-158,257,1555]]}
{1180:[[-46,-74,0,0,0,30],[-595,-176,257,1556]]}
{1181:[[-46,-74,0,0,0,30],[-599,-187,258,1555]]}
{1182:[[-46,-74,0,0,0,30],[-605,-202,256,1554]]}
{1183:[[-46,-74,0,0,0,30],[-611,-216,258,1553]]}
{1184:[[-46,-74,0,0,0,30],[-617,-229,257,1554]]}
{1185:[[-47,-74,0,0,0,30],[-624,-245,257,1555]]}
{1186:[[-47,-74,0,0,0,30],[-631,-261,258,1554]]}
{1187:[[-47,-74,0,0,0,30],[-639,-276,257,1555]]}
{1188:[[-47,-74,0,0,0,30],[-645,-292,257,1553]]}
{1189:[[-47,-74,0,0,0,30],[-652,-306,258,1553]]}
{1190:[[-47,-77,0,0,0,30],[-658,-321,258,1554]]}
{1191:[[-47,-77,0,0,0,30],[-665,-336,257,1555]]}
{1192:[[-47,-77,0,0,0,30],[-671,-353,255,1556]]}
{1193:[[-47,-80,0,0,0,30],[-679,-369,257,1555]]}
{1194:[[-47,-80,0,0,0,30],[-687,-385,258,1553]]}
{1195:[[-47,-80,0,0,0,30],[-693,-402,257,1554]]}
{1196:[[-50,-80,0,0,0,30],[-699,-418,258,1555]]}
{1197:[[-50,-80,0,0,0,30],[-706,-434,258,1557]]}
{1198:[[-50,-80,0,0,0,30],[-714,-450,257,1556]]}
{1199:[[-58,-80,0,0,0,30],[-723,-465,257,1553]]}
{1200:[[-58,-80,0,0,0,30],[-730,-479,258,1553]]}
{1201:[[-61,-80,0,0,0,30],[-738,-497,257,1555]]}
{1202:[[-61,-80,0,0,0,30],[-745,-511,257,1555]]}
{1203:[[-61,-80,0,0,0,30],[-753,-530,257,1555]]}
{1204:[[-65,-80,0,0,0,30],[-761,-546,258,1555]]}
{1205:[[-65,-80,0,0,0,30],[-771,-561,257,1553]]}
{1206:[[-65,-80,0,0,0,30],[-779,-577,256,1554]]}
{1207:[[-65,-80,0,0,0,30],[-786,-593,258,1556]]}
{1208:[[-67,-80,0,0,0,30],[-793,-610,257,1556]]}
{1209:[[-67,-80,0,0,0,30],[-801,-626,257,1554]]}
{1210:[[-67,-80,0,0,0,30],[-810,-644,258,1555]]}
{1211:[[-77,-80,0,0,0,30],[-819,-660,257,1552]]}
{1212:[[-77,-80,0,0,0,30],[-827,-676,259,1555]]}
{1213:[[-85,-84,0,0,0,30],[-834,-692,258,1555]]}
{1214:[[-85,-84,0,0,0,30],[-842,-710,257,1555]]}
{1215:[[-85,-84,0,0,0,30],[-850,-726,257,1556]]}
{1216:[[-89,-88,0,0,0,30],[-861,-744,257,1554]]}
{1217:[[-89,-88,0,0,0,30],[-870,-762,257,1553]]}
{1218:[[-89,-88,0,0,0,30],[-877,-780,257,1555]]}
{1219:[[-89,-97,0,0,0,30],[-886,-797,258,1554]]}
{1220:[[-89,-97,0,0,0,30],[-895,-814,256,1555]]}
{1221:[[-89,-97,0,0,0,30],[-906,-830,257,1555]]}
{1222:[[-89,-98,0,0,0,30],[-915,-846,257,1554]]}
{1223:[[-89,-98,0,0,0,30],[-923,-865,256,1553]]}
{1224:[[-89,-98,0,0,0,30],[-932,-882,258,1555]]}
{1225:[[-89,-98,0,0,0,30],[-942,-902,256,1557]]}
{1226:[[-89,-98,0,0,0,30],[-956,-920,257,1555]]}
{1227:[[-89,-98,0,0,0,30],[-962,-938,258,1554]]}
{1228:[[-89,-98,0,0,0,30],[-971,-956,257,1553]]}
{1229:[[-89,-98,0,0,0,30],[-980,-976,258,1554]]}
{1230:[[-89,-98,0,0,0,30],[-990,-995,257,1555]]}
{1231:[[-89,-98,0,0,0,30],[-1000,-1014,257,1556]]}
{1232:[[-89,-98,0,0,0,30],[-1009,-1031,257,1555]]}
{1233:[[-89,-98,0,0,0,30],[-1017,-1048,256,1554]]}
{1234:[[-89,-98,0,0,0,30],[-1026,-1069,257,1552]]}
{1235:[[-89,-98,0,0,0,30],[-1036,-1088,256,1554]]}
{1236:[[-89,-98,0,0,0,30],[-1047,-1108,258,1556]]}
{1237:[[-89,-98,0,0,0,30],[-1055,-1127,257,1555]]}
{1238:[[-89,-98,0,0,0,30],[-1063,-1146,257,1555]]}
{1239:[[-89,-98,0,0,0,30],[-1073,-1164,257,1553]]}
{1240:[[-89,-98,0,0,0,30],[-1084,-1181,258,1553]]}
{1241:[[-89,-98,0,0,0,30],[-1093,-1197,257,1555]]}
{1242:[[-89,-98,0,0,0,30],[-1103,-1216,258,1556]]}
{1243:[[-89,-98,0,0,0,30],[-1112,-1234,257,1556]]}
{1244:[[-89,-98,0,0,0,30],[-1122,-1256,256,1553]]}
{1245:[[-89,-98,0,0,0,30],[-1135,-1270,257,1553]]}
{1246:[[-89,-98,0,0,0,30],[-1142,-1289,257,1554]]}
{1247:[[-89,-98,0,0,0,30],[-1151,-1306,257,1556]]}
{1248:[[-89,-98,0,0,0,30],[-1160,-1326,257,1555]]}
{1249:[[-89,-98,0,0,0,30],[-1170,-1343,258,1557]]}
{1250:[[-89,-98,0,0,0,30],[-1180,-1362,256,1554]]}
{1251:[[-89,-98,0,0,0,30],[-1189,-1380,257,1554]]}
{1252:[[-89,-98,0,0,0,30],[-1197,-1398,257,1554]]}
{1253:[[-89,-98,0,0,0,30],[-1206,-1415,258,1555]]}
{1254:[[-89,-98,0,0,0,30],[-1216,-1435,257,1554]]}
{1255:[[-89,-98,0,0,0,30],[-1226,-1454,257,1555]]}
{1256:[[-89,-98,0,0,0,30],[-1235,-1474,257,1554]]}
{1257:[[-89,-98,0,0,0,30],[-1243,-1493,257,1553]]}
{1258:[[-89,-98,0,0,0,30],[-1253,-1512,257,1554]]}
{1259:[[-89,-98,0,0,0,30],[-1265,-1530,257,1555]]}
{1260:[[-89,-98,0,0,0,30],[-1275,-1547,257,1554]]}
{1261:[[-89,-98,0,0,0,30],[-1283,-1564,256,1554]]}
{1262:[[-89,-98,0,0,0,30],[-1292,-1584,257,1552]]}
{1263:[[-89,-98,0,0,0,30],[-1303,-1602,257,1554]]}
{1264:[[-89,-98,0,0,0,30],[-1315,-1622,258,1555]]}
{1265:[[-86,-98,0,0,0,30],[-1322,-1639,257,1556]]}
{1266:[[-86,-98,0,0,0,30],[-1331,-1657,258,1556]]}
{1267:[[-86,-98,0,0,0,30],[-1340,-1675,252,1554]]}
{1268:[[0,0,0,0,0,30],[-1350,-1694,257,1553]]}
{1269:[[0,0,0,0,0,30],[-1360,-1713,257,1555]]}
{1270:[[0,0,0,0,0,30],[-1368,-1730,258,1556]]}
{1271:[[0,0,0,0,0,30],[-1375,-1744,257,1556]]}
{1272:[[0,0,0,0,0,30],[-1381,-1757,258,1556]]}
{1273:[[0,0,0,0,0,30],[-1387,-1770,257,1554]]}
{1274:[[0,0,0,0,0,30],[-1395,-1788,257,1553]]}
{1275:[[0,0,0,0,0,30],[-1405,-1802,258,1555]]}
{1276:[[0,0,0,0,0,30],[-1412,-1817,258,1557]]}
{1277:[[0,0,0,0,0,30],[-1418,-1833,257,1556]]}
{1278:[[0,0,0,0,0,30],[-1424,-1847,257,1553]]}
{1279:[[0,0,0,0,0,30],[-1430,-1860,258,1552]]}
{1280:[[0,0,0,0,0,30],[-1437,-1874,257,1554]]}
{1281:[[0,0,0,0,0,30],[-1444,-1886,257,1555]]}
{1282:[[0,0,0,0,0,30],[-1450,-1897,258,1556]]}
{1283:[[0,0,0,0,0,30],[-1456,-1906,257,1556]]}
{1284:[[0,0,0,0,0,30],[-1461,-1914,257,1553]]}
{1285:[[0,0,0,0,0,30],[-1466,-1922,257,1553]]}
{1286:[[0,0,0,0,0,30],[-1470,-1932,256,1554]]}
{1287:[[0,0,0,0,0,30],[-1475,-1942,258,1554]]}
{1288:[[0,0,0,0,0,30],[-1480,-1949,257,1555]]}
{1289:[[0,0,0,0,0,30],[-1485,-1956,257,1555]]}
{1290:[[0,0,0,0,0,30],[-1490,-1964,258,1555]]}
{1291:[[0,0,0,0,0,30],[-1496,-1973,258,1553]]}
{1292:[[0,0,0,0,0,30],[-1498,-1979,257,1555]]}
{1293:[[0,0,0,0,0,30],[-1501,-1984,257,1555]]}
{1294:[[0,0,0,0,0,30],[-1503,-1989,258,1555]]}
{1295:[[0,0,0,0,0,30],[-1505,-1994,257,1555]]}
{1296:[[0,0,0,0,0,30],[-1507,-1998,257,1553]]}
{1297:[[0,0,0,0,0,30],[-1509,-2002,257,1554]]}
{1298:[[0,0,0,0,0,30],[-1511,-2006,258,1556]]}
{1299:[[0,0,0,0,0,30],[-1512,-2010,258,1555]]}
{1300:[[0,0,0,0,0,30],[-1514,-2011,258,1556]]}
{1301:[[0,0,0,0,0,30],[-1515,-2011,256,1554]]}
{1302:[[0,0,0,0,0,30],[-1515,-2011,258,1553]]}
{1303:[[0,0,0,0,0,30],[-1515,-2011,258,1555]]}
{1304:[[0,0,0,0,0,30],[-1515,-2011,258,1556]]}
{1305:[[0,0,0,0,0,30],[-1515,-2011,258,1557]]}
{1306:[[0,0,0,0,0,30],[-1515,-2011,259,1555]]}
{1307:[[0,0,0,0,0,30],[-1515,-2011,257,1553]]}
{1308:[[0,0,0,0,0,30],[-1515,-2011,258,1554]]}
{1309:[[0,0,0,0,0,30],[-1515,-2011,257,1555]]}
{1310:[[0,0,0,0,0,30],[-1515,-2011,258,1556]]}
{1311:[[0,0,0,0,0,30],[-1515,-2011,258,1557]]}
{1312:[[0,0,0,0,0,30],[-1515,-2011,258,1554]]}
{1313:[[0,0,0,0,0,30],[-1515,-2011,258,1552]]}
{1314:[[0,0,0,0,0,30],[-1515,-2011,257,1554]]}
{1315:[[0,0,0,0,0,30],[-1515,-2011,257,1555]]}
{1316:[[0,0,0,0,0,30],[-1515,-2011,257,1555]]}
{1317:[[0,0,0,0,0,30],[-1515,-2011,257,1556]]}
{1318:[[0,0,0,0,0,30],[-1515,-2011,257,1554]]}
{1319:[[0,0,0,0,0,30],[-1515,-2011,258,1554]]}
{1320:[[0,0,0,0,0,30],[-1515,-2011,259,1554]]}
{1321:[[0,0,0,0,0,30],[-1515,-2011,257,1555]]}
{1322:[[0,0,0,0,0,30],[-1515,-2011,258,1555]]}
{1323:[[0,0,0,0,0,30],[-1515,-2011,257,1555]]}
{1324:[[0,0,0,0,0,30],[-1515,-2011,257,1555]]}
{1325:[[0,0,0,0,0,30],[-1515,-2011,257,1553]]}
{1326:[[0,0,0,0,0,30],[-1515,-2011,259,1556]]}
{1327:[[0,0,0,0,0,30],[-1515,-2011,258,1556]]}
{1328:[[0,0,0,0,0,30],[-1515,-2011,257,1552]]}
{1329:[[0,0,0,0,0,30],[-1515,-2011,257,1554]]}
{1330:[[0,0,0,0,0,30],[-1515,-2011,258,1553]]}
{1331:[[0,0,0,0,0,30],[-1515,-2011,258,1554]]}
{1332:[[0,0,0,0,0,30],[-1515,-2011,258,1555]]}
{1333:[[0,0,0,0,0,30],[-1515,-2011,259,1555]]}
{1334:[[0,0,0,0,0,30],[-1515,-2011,257,1555]]}
{1335:[[0,0,0,0,0,30],[-1515,-2011,258,1554]]}
{1336:[[0,0,0,0,0,30],[-1515,-2011,258,1554]]}
{1337:[[0,0,0,0,0,30],[-1515,-2011,258,1555]]}
{1338:[[0,0,0,0,0,30],[-1515,-2011,258,1555]]}
{1339:[[0,0,0,0,0,30],[-1515,-2011,257,1555]]}
{1340:[[0,0,0,0,0,30],[-1515,-2011,257,1557]]}
{1341:[[0,0,0,0,0,30],[-1515,-2011,257,1554]]}
{1342:[[0,0,0,0,0,30],[-1515,-2011,258,1552]]}
{1343:[[0,0,0,0,0,30],[-1515,-2011,257,1555]]}
{1344:[[0,0,0,0,0,30],[-1515,-2011,258,1555]]}
{1345:[[0,0,0,0,0,30],[-1515,-2011,257,1555]]}
{1346:[[0,0,0,0,0,30],[-1515,-2011,257,1554]]}
{1347:[[0,0,0,0,0,30],[-1515,-2011,257,1553]]}
{1348:[[0,0,0,0,0,30],[-1515,-2011,258,1554]]}
{1349:[[0,0,0,0,0,30],[-1515,-2011,257,1555]]}
{1350:[[0,0,0,0,0,30],[-1515,-2011,254,1557]]}
{1351:[[0,0,0,0,0,30],[-1515,-2011,257,1557]]}
{1352:[[0,0,0,0,0,30],[-1515,-2011,257,1554]]}
{1353:[[0,0,0,0,0,30],[-1515,-2011,257,1553]]}
{1354:[[0,0,0,0,0,30],[-1515,-2011,258,1555]]}
{1355:[[0,0,0,0,0,30],[-1515,-2011,259,1557]]}
{1356:[[0,0,0,0,0,30],[-1515,-2011,258,1556]]}
{1357:[[0,0,0,0,0,30],[-1515,-2011,257,1555]]}
{1358:[[0,0,0,0,0,30],[-1515,-2011,257,1554]]}
{1359:[[0,0,0,0,0,30],[-1515,-2011,258,1554]]}
{1360:[[0,0,0,0,0,30],[-1515,-2011,257,1555]]}
{1361:[[0,0,0,0,0,30],[-1515,-2011,257,1556]]}
{1362:[[0,0,0,0,0,30],[-1515,-2011,257,1557]]}
{1363:[[0,0,0,0,0,30],[-1515,-2011,258,1555]]}
{1364:[[0,0,0,0,0,30],[-1515,-2011,257,1552]]}
{1365:[[0,0,0,0,0,30],[-1515,-2011,258,1555]]}
{1366:[[0,0,0,0,0,30],[-1515,-2011,257,1554]]}
{1367:[[0,0,0,0,0,30],[-1515,-2011,258,1555]]}
{1368:[[0,0,0,0,0,30],[-1515,-2011,257,1554]]}
{1369:[[0,0,0,0,0,30],[-1515,-2011,261,1554]]}
{1370:[[0,0,0,0,0,30],[-1515,-2011,259,1553]]}
{1371:[[0,0,0,0,0,30],[-1515,-2011,258,1555]]}
{1372:[[0,0,0,0,0,30],[-1515,-2011,257,1555]]}
{1373:[[0,0,0,0,0,30],[-1515,-2011,257,1555]]}
{1374:[[0,0,0,0,0,30],[-1515,-2011,257,1556]]}
{1375:[[0,0,0,0,0,30],[-1515,-2011,256,1554]]}
{1376:[[0,0,0,0,0,30],[-1515,-2011,259,1554]]}
{1377:[[0,0,0,0,0,30],[-1515,-2011,258,1555]]}
{1378:[[0,0,0,0,0,30],[-1515,-2011,257,1557]]}
{1379:[[0,0,0,0,0,30],[-1515,-2011,259,1555]]}
{1380:[[0,0,0,0,0,30],[-1515,-2011,258,1554]]}
{1381:[[0,0,0,0,0,30],[-1515,-2011,257,1552]]}
{1382:[[0,0,0,0,0,30],[-1515,-2011,258,1554]]}
{1383:[[0,0,0,0,0,30],[-1515,-2011,258,1555]]}
{1384:[[0,0,0,0,0,30],[-1515,-2011,258,1555]]}
{1385:[[0,0,0,0,0,30],[-1515,-2011,257,1556]]}
{1386:[[0,0,0,0,0,30],[-1515,-2011,252,1555]]}
{1387:[[0,0,0,0,0,30],[-1515,-2011,258,1554]]}
{1388:[[0,0,0,0,0,30],[-1515,-2011,257,1554]]}
{1389:[[0,0,0,0,0,30],[-1515,-2011,258,1554]]}
{1390:[[0,0,0,0,0,30],[-1515,-2011,258,1556]]}
{1391:[[0,0,0,0,0,30],[-1515,-2011,257,1557]]}
{1392:[[0,0,0,0,0,30],[-1515,-2011,257,1553]]}
{1393:[[0,0,0,0,0,30],[-1515,-2011,258,1553]]}
{1394:[[0,0,0,0,0,30],[-1515,-2011,258,1555]]}
{1395:[[0,0,0,0,0,30],[-1515,-2011,258,1555]]}
{1396:[[0,0,0,0,0,30],[-1515,-2011,258,1556]]}
{1397:[[0,0,0,0,0,30],[-1515,-2011,258,1555]]}
{1398:[[0,0,0,0,0,30],[-1515,-2011,257,1549]]}
{1399:[[0,0,0,0,0,30],[-1515,-2011,259,1553]]}
{1400:[[0,0,0,0,0,30],[-1515,-2011,257,1555]]}
{1401:[[0,0,0,0,0,30],[-1515,-2011,257,1556]]}
{1402:[[0,0,0,0,0,30],[-1515,-2011,257,1556]]}
{1403:[[0,0,0,0,0,30],[-1515,-2011,257,1555]]}
{1404:[[0,0,0,0,0,30],[-1515,-2011,258,1554]]}
{1405:[[0,0,0,0,0,30],[-1515,-2011,258,1554]]}
{1406:[[0,0,0,0,0,30],[-1515,-2011,260,1553]]}
{1407:[[0,0,0,0,0,30],[-1515,-2011,258,1555]]}
{1408:[[0,0,0,0,0,30],[-1515,-2011,258,1555]]}
{1409:[[0,0,0,0,0,30],[-1515,-2011,257,1554]]}
{1410:[[0,0,0,0,0,30],[-1515,-2011,257,1554]]}
{1411:[[0,0,0,0,0,30],[-1515,-2011,258,1555]]}
{1412:[[0,0,0,0,0,30],[-1515,-2011,257,1557]]}
{1413:[[0,0,0,0,0,30],[-1515,-2011,258,1555]]}
{1414:[[0,0,0,0,0,30],[-1515,-2011,257,1553]]}
{1415:[[0,0,0,0,0,30],[-1515,-2011,257,1554]]}
{1416:[[0,0,0,0,0,30],[-1515,-2011,257,1553]]}
{1417:[[0,0,0,0,0,30],[-1515,-2011,257,1554]]}
{1418:[[0,0,0,0,0,30],[-1515,-2011,258,1555]]}
{1419:[[0,0,0,0,0,30],[-1515,-2011,258,1555]]}
{1420:[[0,0,0,0,0,30],[-1515,-2011,257,1554]]}
{1421:[[0,0,0,0,0,30],[-1515,-2011,257,1554]]}
{1422:[[0,0,0,0,0,30],[-1515,-2011,258,1555]]}
{1423:[[0,0,0,0,0,30],[-1515,-2011,258,1556]]}
{1424:[[0,0,0,0,0,30],[-1515,-2011,256,1555]]}
{1425:[[0,0,0,0,0,30],[-1515,-2011,257,1555]]}
{1426:[[0,0,0,0,0,30],[-1515,-2011,257,1554]]}
{1427:[[0,0,0,0,0,30],[-1515,-2011,257,1554]]}
{1428:[[0,0,0,0,0,30],[-1515,-2011,258,1555]]}
{1429:[[0,0,0,0,0,30],[-1515,-2011,258,1557]]}
{1430:[[0,0,0,0,0,30],[-1515,-2011,258,1555]]}
{1431:[[0,0,0,0,0,30],[-1515,-2011,257,1554]]}
{1432:[[0,0,0,0,0,30],[-1515,-2011,257,1554]]}
{1433:[[0,0,0,0,0,30],[-1515,-2011,257,1552]]}
{1434:[[0,0,0,0,0,30],[-1515,-2011,257,1556]]}
{1435:[[0,0,0,0,0,30],[-1515,-2011,257,1554]]}
{1436:[[0,0,0,0,0,30],[-1515,-2011,256,1555]]}
{1437:[[0,0,0,0,0,30],[-1515,-2011,256,1554]]}
{1438:[[0,0,0,0,0,30],[-1515,-2011,257,1553]]}
{1439:[[0,0,0,0,0,30],[-1515,-2011,259,1555]]}
{1440:[[0,0,0,0,0,30],[-1515,-2011,258,1556]]}
{1441:[[0,0,0,0,0,30],[-1515,-2011,258,1555]]}
{1442:[[0,0,0,0,0,30],[-1515,-2011,258,1554]]}
{1443:[[0,0,0,0,0,30],[-1515,-2011,257,1554]]}
{1444:[[0,0,0,0,0,30],[-1515,-2011,258,1553]]}
{1445:[[0,0,0,0,0,30],[-1515,-2011,257,1554]]}
{1446:[[0,0,0,0,0,30],[-1515,-2011,258,1555]]}
{1447:[[0,0,0,0,0,30],[-1515,-2011,259,1555]]}
{1448:[[0,0,0,0,0,30],[-1515,-2011,258,1554]]}
{1449:[[0,0,0,0,0,30],[-1515,-2011,257,1553]]}
{1450:[[0,0,0,0,0,30],[-1515,-2011,258,1554]]}
{1451:[[0,0,0,0,0,30],[-1515,-2011,258,1555]]}
{1452:[[0,0,0,0,0,30],[-1515,-2011,258,1555]]}
{1453:[[0,0,0,0,0,30],[-1515,-2011,257,1556]]}
{1454:[[0,0,0,0,0,30],[-1515,-2011,257,1554]]}
{1455:[[0,0,0,0,0,30],[-1515,-2011,257,1553]]}
{1456:[[0,0,0,0,0,30],[-1515,-2011,257,1555]]}
{1457:[[0,0,0,0,0,30],[-1515,-2011,258,1556]]}
{1458:[[0,0,0,0,0,30],[-1515,-2011,258,1555]]}
{1459:[[0,0,0,0,0,30],[-1515,-2011,258,1555]]}
{1460:[[0,0,0,0,0,30],[-1515,-2011,257,1554]]}
{1461:[[0,0,0,0,0,30],[-1515,-2011,258,1554]]}
{1462:[[0,0,0,0,0,30],[-1515,-2011,257,1555]]}
{1463:[[0,0,0,0,0,30],[-1515,-2011,258,1555]]}
{1464:[[0,0,0,0,0,30],[-1515,-2011,259,1555]]}
{1465:[[0,0,0,0,0,30],[-1515,-2011,257,1553]]}
{1466:[[0,0,0,0,0,30],[-1515,-2011,258,1553]]}
{1467:[[0,0,0,0,0,30],[-1515,-2011,259,1554]]}
{1468:[[0,0,0,0,0,30],[-1515,-2011,258,1556]]}
{1469:[[0,0,0,0,0,30],[-1515,-2011,258,1556]]}
{1470:[[0,0,0,0,0,30],[-1515,-2011,258,1556]]}
{1471:[[0,0,0,0,0,30],[-1515,-2011,257,1554]]}
{1472:[[0,0,0,0,0,30],[-1515,-2011,258,1553]]}
{1473:[[0,0,0,0,0,30],[-1515,-2011,258,1554]]}
{1474:[[0,0,0,0,0,30],[-1515,-2011,258,1556]]}
